	101
ERR315326_1	8782257.0
	101
ERR315326_2	8782257.0
	101
ERR315327_1	6129051.0
	101
ERR315327_2	6129051.0
	101
ERR315336_1	16389560.0
	101
ERR315336_2	16389560.0
	101
ERR315353_1	13576003.0
	101
ERR315353_2	13576003.0
	101
ERR315361_1	7388853.0
	101
ERR315361_2	7388853.0
	101
ERR315368_1	8684958.0
	101
ERR315368_2	8684958.0
	101
ERR315374_1	15241666.0
	101
ERR315374_2	15241666.0
	101
ERR315377_1	15022448.0
	101
ERR315377_2	15022448.0
	101
ERR315386_1	7492575.0
	101
ERR315386_2	7492575.0
	101
ERR315394_1	6095986.0
	101
ERR315394_2	6095986.0
	101
ERR315399_1	16101325.0
	101
ERR315399_2	16101325.0
	101
ERR315414_1	22811186.0
	101
ERR315414_2	22811186.0
	101
ERR315424_1	8761137.0
	101
ERR315424_2	8761137.0
	101
ERR315432_1	17585264.0
	101
ERR315432_2	17585264.0
	101
ERR315433_1	8736265.0
	101
ERR315433_2	8736265.0
	101
ERR315438_1	7526336.0
	101
ERR315438_2	7526336.0
	101
ERR315439_1	6280429.0
	101
ERR315439_2	6280429.0
	101
ERR315444_1	6387998.0
	101
ERR315444_2	6387998.0
	101
ERR315451_1	15108148.0
	101
ERR315451_2	15108148.0
	101
ERR315455_1	24323755.0
	101
ERR315455_2	24323755.0
	101
ERR315463_1	15370846.0
	101
ERR315463_2	15370846.0
	101
ERR315476_1	14649029.0
	101
ERR315476_2	14649029.0
	101
ERR315477_1	28466648.0
	101
ERR315477_2	28466648.0
	101
ERR315478_1	14906214.0
	101
ERR315478_2	14906214.0
	101
ERR315487_1	13669047.0
	101
ERR315487_2	13669047.0
	101
ERR315490_1	7445571.0
	101
ERR315490_2	7445571.0
	101
ERR315495_1	13084530.0
	101
ERR315495_2	13084530.0
	101
HS002-PE-R00059_BD0U5YACXX.RHM063_CGATGT_L001_R1	51945229.0
	20	22	24	26	28	30	32	34	36	38	40	42	44	46	48	50	52	54	56	58	60	62	64	66	68	70	72	74	76	78	80	82	84	86	88	90	92	94	96	98	100
HS002-PE-R00059_BD0U5YACXX.RHM063_CGATGT_L001_R1_val_1	35316.0	36983.0	39740.0	40528.0	41298.0	42887.0	45748.0	47541.0	48057.0	49270.0	49313.0	51276.0	53206.0	55084.0	57690.0	62241.0	65614.0	67571.0	71449.0	74923.0	79085.0	84832.0	91240.0	101076.0	110421.0	125831.0	139114.0	150979.0	128966.0	162202.0	204937.0	234100.0	287859.0	333966.0	391481.0	464735.0	562943.0	695632.0	1118706.0	5526098.0	38441619.0
	101
HS002-PE-R00059_BD0U5YACXX.RHM063_CGATGT_L001_R2	51945229.0
	20	22	24	26	28	30	32	34	36	38	40	42	44	46	48	50	52	54	56	58	60	62	64	66	68	70	72	74	76	78	80	82	84	86	88	90	92	94	96	98	100
HS002-PE-R00059_BD0U5YACXX.RHM063_CGATGT_L001_R2_val_2	51505.0	55675.0	58562.0	61142.0	61974.0	61881.0	64484.0	66805.0	68494.0	69930.0	72014.0	75880.0	76054.0	79784.0	78222.0	62725.0	56472.0	64367.0	70132.0	78877.0	91872.0	105520.0	120586.0	161359.0	280189.0	395794.0	295431.0	458277.0	571718.0	660411.0	969511.0	658561.0	603247.0	595335.0	704537.0	842587.0	904906.0	1099870.0	1715034.0	6125808.0	31776025.0
	101
HS002-PE-R00059_BD0U5YACXX.RHM064_CAGATC_L001_R1	33950855.0
	20	22	24	26	28	30	32	34	36	38	40	42	44	46	48	50	52	54	56	58	60	62	64	66	68	70	72	74	76	78	80	82	84	86	88	90	92	94	96	98	100
HS002-PE-R00059_BD0U5YACXX.RHM064_CAGATC_L001_R1_val_1	25195.0	25687.0	27765.0	28246.0	29464.0	30345.0	32319.0	33783.0	34175.0	35017.0	35188.0	36255.0	37722.0	39409.0	40956.0	43989.0	45743.0	47110.0	48733.0	50183.0	50362.0	51617.0	53147.0	55163.0	57997.0	62255.0	64937.0	64591.0	42119.0	58426.0	73724.0	86772.0	102681.0	121234.0	151360.0	193804.0	252332.0	344379.0	639163.0	3603374.0	26042298.0
	101
HS002-PE-R00059_BD0U5YACXX.RHM064_CAGATC_L001_R2	33950855.0
	20	22	24	26	28	30	32	34	36	38	40	42	44	46	48	50	52	54	56	58	60	62	64	66	68	70	72	74	76	78	80	82	84	86	88	90	92	94	96	98	100
HS002-PE-R00059_BD0U5YACXX.RHM064_CAGATC_L001_R2_val_2	36702.0	38871.0	41103.0	42712.0	43669.0	43169.0	45779.0	47742.0	48893.0	48888.0	51229.0	53906.0	54209.0	56515.0	55195.0	44043.0	38637.0	43705.0	47608.0	52341.0	59937.0	65670.0	74973.0	98390.0	173827.0	243828.0	166421.0	266447.0	334045.0	381972.0	575000.0	367812.0	313483.0	299550.0	367510.0	456532.0	494533.0	630360.0	1053808.0	4015964.0	21524041.0
	101
HS002-PE-R00059_BD0U5YACXX.RHM065_GTGAAA_L001_R1	69462070.0
	20	22	24	26	28	30	32	34	36	38	40	42	44	46	48	50	52	54	56	58	60	62	64	66	68	70	72	74	76	78	80	82	84	86	88	90	92	94	96	98	100
HS002-PE-R00059_BD0U5YACXX.RHM065_GTGAAA_L001_R1_val_1	50572.0	49596.0	53044.0	54195.0	56537.0	58314.0	62103.0	65450.0	66202.0	68084.0	68517.0	70527.0	73235.0	76519.0	79347.0	85854.0	89686.0	91744.0	95493.0	99297.0	99539.0	103181.0	106766.0	113789.0	121098.0	133609.0	143925.0	147330.0	109503.0	146368.0	193192.0	238723.0	271361.0	323072.0	404191.0	503870.0	632812.0	822555.0	1427042.0	7427626.0	52531124.0
	101
HS002-PE-R00059_BD0U5YACXX.RHM065_GTGAAA_L001_R2	69462070.0
	20	22	24	26	28	30	32	34	36	38	40	42	44	46	48	50	52	54	56	58	60	62	64	66	68	70	72	74	76	78	80	82	84	86	88	90	92	94	96	98	100
HS002-PE-R00059_BD0U5YACXX.RHM065_GTGAAA_L001_R2_val_2	73831.0	74022.0	78128.0	81514.0	83052.0	82890.0	87102.0	91080.0	93603.0	94378.0	97804.0	103065.0	102856.0	108499.0	105937.0	84045.0	74720.0	84898.0	92056.0	102228.0	115054.0	128326.0	146228.0	195281.0	347933.0	493381.0	348854.0	553264.0	700880.0	808817.0	1214348.0	806636.0	699319.0	682837.0	832829.0	1023136.0	1106483.0	1382742.0	2244974.0	8269866.0	43518096.0
	101
HS002-PE-R00059_BD0U5YACXX.RHM066_CGATGT_L002_R1	60339006.0
	20	22	24	26	28	30	32	34	36	38	40	42	44	46	48	50	52	54	56	58	60	62	64	66	68	70	72	74	76	78	80	82	84	86	88	90	92	94	96	98	100
HS002-PE-R00059_BD0U5YACXX.RHM066_CGATGT_L002_R1_val_1	51611.0	53720.0	56356.0	57887.0	59791.0	62827.0	67058.0	70825.0	72152.0	73602.0	75095.0	75399.0	78816.0	82234.0	86801.0	93426.0	97627.0	102634.0	106511.0	109365.0	110650.0	112677.0	115413.0	118624.0	125222.0	133355.0	138508.0	139192.0	87176.0	121664.0	149601.0	170102.0	199418.0	230707.0	285145.0	354843.0	467112.0	656319.0	1198734.0	6361798.0	45206050.0
	101
HS002-PE-R00059_BD0U5YACXX.RHM066_CGATGT_L002_R2	60339006.0
	20	22	24	26	28	30	32	34	36	38	40	42	44	46	48	50	52	54	56	58	60	62	64	66	68	70	72	74	76	78	80	82	84	86	88	90	92
HS002-PE-R00059_BD0U5YACXX.RHM066_CGATGT_L002_R2_val_2	72813.0	74965.0	77421.0	81227.0	83672.0	86662.0	95539.0	94350.0	99841.0	106094.0	110887.0	118786.0	123491.0	131236.0	137078.0	109001.0	101455.0	119985.0	141532.0	173599.0	218312.0	294453.0	427115.0	734725.0	2390170.0	7626856.0	25026239.0	17532836.0	63137.0	608279.0	670150.0	277830.0	3531.0	2777.0	1.0	1.0	1.0
	101
HS002-PE-R00059_BD0U5YACXX.RHM067_CAGATC_L002_R1	74203167.0
	20	22	24	26	28	30	32	34	36	38	40	42	44	46	48	50	52	54	56	58	60	62	64	66	68	70	72	74	76	78	80	82	84	86	88	90	92	94	96	98	100
HS002-PE-R00059_BD0U5YACXX.RHM067_CAGATC_L002_R1_val_1	76632.0	80458.0	84411.0	87527.0	90581.0	94425.0	100971.0	106948.0	108997.0	110234.0	113517.0	112378.0	116816.0	121294.0	127857.0	135927.0	142893.0	146815.0	151432.0	156026.0	157620.0	159073.0	161379.0	166194.0	175367.0	185337.0	194275.0	195478.0	122200.0	170606.0	209927.0	241275.0	279170.0	322552.0	393992.0	488391.0	639993.0	876152.0	1529923.0	7724263.0	53493317.0
	101
HS002-PE-R00059_BD0U5YACXX.RHM067_CAGATC_L002_R2	74203167.0
	20	22	24	26	28	30	32	34	36	38	40	42	44	46	48	50	52	54	56	58	60	62	64	66	68	70	72	74	76	78	80	82	84	86
HS002-PE-R00059_BD0U5YACXX.RHM067_CAGATC_L002_R2_val_2	103110.0	106870.0	111404.0	117575.0	120273.0	123800.0	135729.0	135771.0	143473.0	152423.0	159403.0	169625.0	176704.0	186815.0	196660.0	153937.0	142213.0	169339.0	198314.0	240434.0	302317.0	401046.0	574000.0	968103.0	2997603.0	9306965.0	29919217.0	20708702.0	73994.0	725256.0	792952.0	330536.0	4462.0	3598.0
	101
HS002-PE-R00059_BD0U5YACXX.RHM068_GTGAAA_L002_R1	60201088.0
	20	22	24	26	28	30	32	34	36	38	40	42	44	46	48	50	52	54	56	58	60	62	64	66	68	70	72	74	76	78	80	82	84	86	88	90	92	94	96	98	100
HS002-PE-R00059_BD0U5YACXX.RHM068_GTGAAA_L002_R1_val_1	54603.0	55050.0	58450.0	59922.0	62352.0	65369.0	69451.0	74774.0	76067.0	77417.0	79341.0	79683.0	83366.0	87490.0	91449.0	98395.0	103706.0	107808.0	110985.0	114843.0	116853.0	118129.0	121024.0	124793.0	131508.0	140025.0	144701.0	145897.0	91875.0	127252.0	156208.0	180392.0	205883.0	238525.0	293414.0	364033.0	475106.0	661320.0	1211260.0	6387434.0	44498299.0
	101
HS002-PE-R00059_BD0U5YACXX.RHM068_GTGAAA_L002_R2	60201088.0
	20	22	24	26	28	30	32	34	36	38	40	42	44	46	48	50	52	54	56	58	60	62	64	66	68	70	72	74	76	78	80	82	84	86
HS002-PE-R00059_BD0U5YACXX.RHM068_GTGAAA_L002_R2_val_2	83286.0	81023.0	85937.0	89161.0	92650.0	94955.0	104405.0	104849.0	110549.0	117488.0	123692.0	131274.0	137677.0	145046.0	151500.0	119776.0	111805.0	132537.0	155019.0	187955.0	236525.0	315348.0	456016.0	779827.0	2464133.0	7689064.0	24613472.0	17074167.0	60498.0	581279.0	643825.0	263277.0	3520.0	2917.0
	101
HS002-PE-R00059_BD0U5YACXX.RHM069_CGATGT_L003_R1	55208970.0
	20	22	24	26	28	30	32	34	36	38	40	42	44	46	48	50	52	54	56	58	60	62	64	66	68	70	72	74	76	78	80	82	84	86	88	90	92	94	96	98	100
HS002-PE-R00059_BD0U5YACXX.RHM069_CGATGT_L003_R1_val_1	35347.0	37394.0	39568.0	40710.0	41541.0	41919.0	44476.0	47650.0	47443.0	48200.0	49051.0	48295.0	50826.0	53231.0	56139.0	59458.0	62610.0	64932.0	67468.0	69794.0	69879.0	71738.0	74488.0	77166.0	80538.0	85100.0	89031.0	91269.0	61268.0	83048.0	101882.0	117883.0	141307.0	167560.0	207915.0	263687.0	344239.0	477249.0	905595.0	5630668.0	43354532.0
	101
HS002-PE-R00059_BD0U5YACXX.RHM069_CGATGT_L003_R2	55208970.0
	20	22	24	26	28	30	32	34	36	38	40	42	44	46	48	50	52	54	56	58	60	62	64	66	68	70	72	74	76	78	80	82	84	86	88	90	92	94	96	98	100
HS002-PE-R00059_BD0U5YACXX.RHM069_CGATGT_L003_R2_val_2	51865.0	48636.0	52485.0	53251.0	54317.0	55518.0	55611.0	56944.0	58757.0	59884.0	60458.0	61920.0	64744.0	66087.0	67233.0	50589.0	44294.0	50298.0	53954.0	55972.0	61890.0	69413.0	70363.0	70637.0	74823.0	78417.0	82938.0	90415.0	99600.0	110483.0	122536.0	135959.0	160746.0	186414.0	230042.0	292156.0	374465.0	506934.0	917708.0	5469392.0	43173946.0
	101
HS002-PE-R00059_BD0U5YACXX.RHM070_CAGATC_L003_R1	45049673.0
	20	22	24	26	28	30	32	34	36	38	40	42	44	46	48	50	52	54	56	58	60	62	64	66	68	70	72	74	76	78	80	82	84	86	88	90	92	94	96	98	100
HS002-PE-R00059_BD0U5YACXX.RHM070_CAGATC_L003_R1_val_1	34183.0	34874.0	37146.0	38045.0	38806.0	39888.0	42275.0	44994.0	45138.0	45959.0	45928.0	45485.0	48124.0	49735.0	52218.0	56084.0	58255.0	60544.0	62245.0	63903.0	63917.0	65497.0	67095.0	69292.0	71861.0	76198.0	79724.0	80348.0	52118.0	71838.0	86558.0	99169.0	116336.0	135676.0	166726.0	208939.0	271165.0	375207.0	725421.0	4552609.0	35031384.0
	101
HS002-PE-R00059_BD0U5YACXX.RHM070_CAGATC_L003_R2	45049673.0
	20	22	24	26	28	30	32	34	36	38	40	42	44	46	48	50	52	54	56	58	60	62	64	66	68	70	72	74	76	78	80	82	84	86	88	90	92	94	96	98	100
HS002-PE-R00059_BD0U5YACXX.RHM070_CAGATC_L003_R2_val_2	48681.0	46233.0	49097.0	50120.0	51281.0	52345.0	52321.0	53642.0	55394.0	57204.0	57258.0	58969.0	61246.0	62163.0	63248.0	47525.0	40868.0	46349.0	48948.0	51132.0	56546.0	62584.0	63973.0	63981.0	67655.0	70122.0	74564.0	81072.0	87982.0	97188.0	105530.0	116806.0	135081.0	154007.0	187082.0	235678.0	301341.0	405478.0	743801.0	4404079.0	34842333.0
	101
HS002-PE-R00059_BD0U5YACXX.RHM071_GTGAAA_L003_R1	53650335.0
	20	22	24	26	28	30	32	34	36	38	40	42	44	46	48	50	52	54	56	58	60	62	64	66	68	70	72	74	76	78	80	82	84	86	88	90	92	94	96	98	100
HS002-PE-R00059_BD0U5YACXX.RHM071_GTGAAA_L003_R1_val_1	38226.0	37215.0	40151.0	41002.0	42106.0	42553.0	45085.0	48738.0	48616.0	49378.0	50360.0	49543.0	51591.0	54674.0	57171.0	61060.0	64320.0	66280.0	68430.0	71550.0	71996.0	74086.0	75668.0	77971.0	82361.0	88317.0	93890.0	93642.0	62587.0	86544.0	106099.0	125019.0	141320.0	167472.0	206587.0	256800.0	335176.0	458089.0	882706.0	5529054.0	41947463.0
	101
HS002-PE-R00059_BD0U5YACXX.RHM071_GTGAAA_L003_R2	53650335.0
	20	22	24	26	28	30	32	34	36	38	40	42	44	46	48	50	52	54	56	58	60	62	64	66	68	70	72	74	76	78	80	82	84	86	88	90	92	94	96	98	100
HS002-PE-R00059_BD0U5YACXX.RHM071_GTGAAA_L003_R2_val_2	56786.0	48141.0	51860.0	52768.0	54229.0	55092.0	55352.0	56088.0	58438.0	60376.0	60894.0	62376.0	64398.0	66883.0	67621.0	51260.0	44754.0	50836.0	53276.0	55936.0	60635.0	69563.0	69721.0	70625.0	74015.0	79200.0	84859.0	90309.0	100126.0	111815.0	122971.0	139473.0	158821.0	182757.0	224012.0	281377.0	363098.0	482358.0	888157.0	5366799.0	41842841.0
	101
HS002-PE-R00059_BD0U5YACXX.RHM072_CGATGT_L004_R1	64341577.0
	20	22	24	26	28	30	32	34	36	38	40	42	44	46	48	50	52	54	56	58	60	62	64	66	68	70	72	74	76	78	80	82	84	86	88	90	92	94	96	98	100
HS002-PE-R00059_BD0U5YACXX.RHM072_CGATGT_L004_R1_val_1	49115.0	52164.0	55521.0	57748.0	60521.0	62051.0	65894.0	71431.0	70703.0	72363.0	73955.0	74244.0	75345.0	74725.0	79497.0	85651.0	91233.0	95414.0	98124.0	100861.0	102720.0	104814.0	107367.0	111768.0	118131.0	128397.0	134836.0	133822.0	88910.0	121049.0	145358.0	165918.0	192620.0	225329.0	271195.0	339723.0	445597.0	604733.0	1112723.0	6558694.0	49238346.0
	101
HS002-PE-R00059_BD0U5YACXX.RHM072_CGATGT_L004_R2	64341577.0
	20	22	24	26	28	30	32	34	36	38	40	42	44	46	48	50	52	54	56	58	60	62	64	66	68	70	72	74	76	78	80	82	84	86	88	90	92	94	96	98	100
HS002-PE-R00059_BD0U5YACXX.RHM072_CGATGT_L004_R2_val_2	78497.0	69800.0	71873.0	73292.0	74324.0	77157.0	78861.0	84519.0	82838.0	87178.0	88396.0	91773.0	93709.0	95817.0	97075.0	73836.0	66006.0	72981.0	76282.0	79018.0	85219.0	89200.0	96267.0	99809.0	106742.0	113116.0	119091.0	125843.0	136234.0	147205.0	163864.0	186087.0	216644.0	251220.0	298016.0	373605.0	487755.0	657425.0	1178890.0	6542553.0	48830593.0
	101
HS002-PE-R00059_BD0U5YACXX.RHM073_CAGATC_L004_R1	44940444.0
	20	22	24	26	28	30	32	34	36	38	40	42	44	46	48	50	52	54	56	58	60	62	64	66	68	70	72	74	76	78	80	82	84	86	88	90	92	94	96	98	100
HS002-PE-R00059_BD0U5YACXX.RHM073_CAGATC_L004_R1_val_1	36290.0	38099.0	40638.0	41569.0	44011.0	45317.0	48890.0	52548.0	52740.0	53621.0	55214.0	55628.0	56101.0	56618.0	59795.0	64592.0	69437.0	71925.0	73711.0	75911.0	76574.0	78983.0	80096.0	82979.0	86897.0	92406.0	97731.0	97091.0	62679.0	85486.0	101127.0	115446.0	131716.0	153979.0	186016.0	232155.0	303204.0	413981.0	771065.0	4592850.0	34291307.0
	101
HS002-PE-R00059_BD0U5YACXX.RHM073_CAGATC_L004_R2	44940444.0
	20	22	24	26	28	30	32	34	36	38	40	42	44	46	48	50	52	54	56	58	60	62	64	66	68	70	72	74	76	78	80	82	84	86	88	90	92	94	96	98	100
HS002-PE-R00059_BD0U5YACXX.RHM073_CAGATC_L004_R2_val_2	56016.0	50034.0	51358.0	52882.0	53680.0	55563.0	56763.0	60982.0	59699.0	63480.0	64733.0	66468.0	68181.0	69456.0	70718.0	54000.0	48342.0	53098.0	55746.0	58785.0	61990.0	65023.0	69348.0	72645.0	76932.0	80648.0	84537.0	89669.0	95511.0	103674.0	113826.0	128809.0	147995.0	170191.0	203729.0	254673.0	332645.0	451968.0	815603.0	4572933.0	34064090.0
	101
HS002-PE-R00059_BD0U5YACXX.RHM074_GTGAAA_L004_R1	73535954.0
	20	22	24	26	28	30	32	34	36	38	40	42	44	46	48	50	52	54	56	58	60	62	64	66	68	70	72	74	76	78	80	82	84	86	88	90	92	94	96	98	100
HS002-PE-R00059_BD0U5YACXX.RHM074_GTGAAA_L004_R1_val_1	61166.0	58721.0	62936.0	64555.0	67595.0	69992.0	74618.0	79946.0	81037.0	82647.0	83784.0	85233.0	86993.0	86362.0	91171.0	98339.0	106044.0	110611.0	112729.0	116334.0	118409.0	120242.0	122459.0	128333.0	134317.0	144125.0	152113.0	150415.0	97672.0	131557.0	157285.0	180494.0	204611.0	237336.0	290796.0	363383.0	476517.0	655132.0	1243661.0	7541502.0	56408674.0
	101
HS002-PE-R00059_BD0U5YACXX.RHM074_GTGAAA_L004_R2	73535954.0
	20	22	24	26	28	30	32	34	36	38	40	42	44	46	48	50	52	54	56	58	60	62	64	66	68	70	72	74	76	78	80	82	84	86	88	90	92	94	96	98	100
HS002-PE-R00059_BD0U5YACXX.RHM074_GTGAAA_L004_R2_val_2	98344.0	80770.0	83330.0	85109.0	86185.0	89488.0	91425.0	97551.0	95753.0	100918.0	103068.0	105927.0	108667.0	110533.0	112056.0	86083.0	77161.0	85410.0	89529.0	93703.0	98642.0	103792.0	111175.0	115322.0	122141.0	128727.0	133877.0	140847.0	151403.0	162578.0	179890.0	204096.0	231476.0	266476.0	321900.0	402904.0	525253.0	718285.0	1319583.0	7518325.0	55902144.0
	101
HS002-PE-R00059_BD0U5YACXX.RHM075_CGATGT_L005_R1	62889838.0
	20	22	24	26	28	30	32	34	36	38	40	42	44	46	48	50	52	54	56	58	60	62	64	66	68	70	72	74	76	78	80	82	84	86	88	90	92	94	96	98	100
HS002-PE-R00059_BD0U5YACXX.RHM075_CGATGT_L005_R1_val_1	40154.0	42363.0	44490.0	46548.0	47163.0	47470.0	50762.0	53611.0	53972.0	54674.0	55952.0	56519.0	55521.0	57632.0	60518.0	65953.0	68933.0	70785.0	72087.0	74801.0	75926.0	76835.0	78591.0	82158.0	86049.0	91686.0	96206.0	97491.0	64246.0	86736.0	103681.0	119602.0	140076.0	164684.0	201762.0	254170.0	338655.0	466341.0	923655.0	6353630.0	50029274.0
	101
HS002-PE-R00059_BD0U5YACXX.RHM075_CGATGT_L005_R2	62889838.0
	20	22	24	26	28	30	32	34	36	38	40	42	44	46	48	50	52	54	56	58	60	62	64	66	68	70	72	74	76	78	80	82	84	86	88	90	92	94	96	98	100
HS002-PE-R00059_BD0U5YACXX.RHM075_CGATGT_L005_R2_val_2	59039.0	54866.0	57070.0	59080.0	61453.0	62880.0	61599.0	70064.0	66687.0	68844.0	69276.0	69802.0	72160.0	73493.0	75540.0	57241.0	50074.0	55192.0	58854.0	65335.0	67888.0	67716.0	70409.0	74533.0	78695.0	83171.0	87410.0	92373.0	98581.0	106850.0	118869.0	136779.0	158679.0	180176.0	219869.0	279928.0	367794.0	496812.0	956348.0	6271911.0	49768022.0
	101
HS002-PE-R00059_BD0U5YACXX.RHM076_CAGATC_L005_R1	36185523.0
	20	22	24	26	28	30	32	34	36	38	40	42	44	46	48	50	52	54	56	58	60	62	64	66	68	70	72	74	76	78	80	82	84	86	88	90	92	94	96	98	100
HS002-PE-R00059_BD0U5YACXX.RHM076_CAGATC_L005_R1_val_1	24534.0	25246.0	26934.0	28339.0	29104.0	29004.0	30884.0	33198.0	33274.0	34114.0	34124.0	34914.0	34547.0	35492.0	37526.0	40808.0	42674.0	43873.0	44731.0	46709.0	47111.0	48554.0	49105.0	51551.0	54141.0	58740.0	62539.0	63789.0	43636.0	58972.0	70982.0	84353.0	98199.0	114851.0	138443.0	174258.0	228684.0	303402.0	561256.0	3623551.0	27877162.0
	101
HS002-PE-R00059_BD0U5YACXX.RHM076_CAGATC_L005_R2	36185523.0
	20	22	24	26	28	30	32	34	36	38	40	42	44	46	48	50	52	54	56	58	60	62	64	66	68	70	72	74	76	78	80	82	84	86	88	90	92	94	96	98	100
HS002-PE-R00059_BD0U5YACXX.RHM076_CAGATC_L005_R2_val_2	36026.0	33953.0	35377.0	36267.0	37819.0	38347.0	37756.0	43126.0	41239.0	42449.0	42607.0	43076.0	44943.0	45678.0	47288.0	35600.0	30833.0	34367.0	36694.0	40151.0	42406.0	42520.0	44061.0	47164.0	50247.0	53378.0	57405.0	61783.0	65153.0	72193.0	81188.0	95867.0	110809.0	125921.0	150864.0	191220.0	249163.0	323518.0	581775.0	3565476.0	27707601.0

