	2.0	3.0	4.0	5.0	6.0	7.0	8.0	9.0	10.0	11.0	12.0	13.0	14.0	15.0	16.0	17.0	18.0	19.0	20.0	21.0	22.0	23.0	24.0	25.0	26.0	27.0	28.0	29.0	30.0	31.0	32.0	33.0	34.0	35.0	36.0	37.0	38.0	39.0
ERR315326_1	570.0	100.0	191.0	420.0	866.0	2088.0	4369.0	6906.0	9428.0	11710.0	14291.0	16461.0	18959.0	20801.0	23222.0	26044.0	29558.0	33742.0	39132.0	45666.0	53807.0	66003.0	84104.0	106195.0	135248.0	174715.0	195051.0	226710.0	283288.0	350372.0	435092.0	537539.0	651267.0	793907.0	1116106.0	1913618.0	1352128.0	2583.0
	2.0	3.0	4.0	5.0	6.0	7.0	8.0	9.0	10.0	11.0	12.0	13.0	14.0	15.0	16.0	17.0	18.0	19.0	20.0	21.0	22.0	23.0	24.0	25.0	26.0	27.0	28.0	29.0	30.0	31.0	32.0	33.0	34.0	35.0	36.0	37.0	38.0	39.0
ERR315326_2	474418.0	62936.0	44392.0	38481.0	37374.0	39324.0	40825.0	43265.0	44238.0	45530.0	46234.0	46591.0	47581.0	48205.0	48201.0	47813.0	47584.0	48200.0	50610.0	56196.0	64519.0	75948.0	91107.0	108051.0	129668.0	154316.0	183468.0	220122.0	266236.0	325646.0	403866.0	498578.0	610408.0	755762.0	1030923.0	1527078.0	976916.0	1647.0
	2.0	3.0	4.0	5.0	6.0	7.0	8.0	9.0	10.0	11.0	12.0	13.0	14.0	15.0	16.0	17.0	18.0	19.0	20.0	21.0	22.0	23.0	24.0	25.0	26.0	27.0	28.0	29.0	30.0	31.0	32.0	33.0	34.0	35.0	36.0	37.0	38.0	39.0	40.0
ERR315327_1	854.0	249.0	576.0	952.0	1720.0	3005.0	4917.0	6986.0	8604.0	10077.0	11478.0	13285.0	15439.0	17789.0	20234.0	22312.0	24841.0	27843.0	30586.0	33313.0	37522.0	41419.0	46669.0	54162.0	64210.0	75805.0	89254.0	107163.0	130375.0	158729.0	196594.0	249431.0	331090.0	465940.0	720703.0	1235243.0	1531708.0	337692.0	282.0
	2.0	3.0	4.0	5.0	6.0	7.0	8.0	9.0	10.0	11.0	12.0	13.0	14.0	15.0	16.0	17.0	18.0	19.0	20.0	21.0	22.0	23.0	24.0	25.0	26.0	27.0	28.0	29.0	30.0	31.0	32.0	33.0	34.0	35.0	36.0	37.0	38.0	39.0	40.0
ERR315327_2	18898.0	5832.0	5828.0	6580.0	7771.0	9483.0	11086.0	12556.0	14471.0	16025.0	17408.0	19200.0	20600.0	22483.0	24170.0	26723.0	29095.0	32297.0	36201.0	40229.0	45316.0	50822.0	57077.0	63431.0	73006.0	84372.0	96627.0	114195.0	135290.0	164056.0	201920.0	254787.0	336586.0	467978.0	709184.0	1166627.0	1405137.0	325378.0	326.0
	2.0	3.0	4.0	5.0	6.0	7.0	8.0	9.0	10.0	11.0	12.0	13.0	14.0	15.0	16.0	17.0	18.0	19.0	20.0	21.0	22.0	23.0	24.0	25.0	26.0	27.0	28.0	29.0	30.0	31.0	32.0	33.0	34.0	35.0	36.0	37.0	38.0	39.0
ERR315336_1	270.0	49.0	123.0	267.0	511.0	1226.0	2584.0	4539.0	6535.0	8300.0	10092.0	11755.0	13114.0	14775.0	16788.0	18688.0	21207.0	24001.0	27651.0	32099.0	39044.0	48903.0	62232.0	82383.0	108269.0	145698.0	184656.0	230037.0	296279.0	381653.0	494943.0	648123.0	836143.0	1107275.0	1835719.0	4710771.0	4948983.0	13875.0
	2.0	3.0	4.0	5.0	6.0	7.0	8.0	9.0	10.0	11.0	12.0	13.0	14.0	15.0	16.0	17.0	18.0	19.0	20.0	21.0	22.0	23.0	24.0	25.0	26.0	27.0	28.0	29.0	30.0	31.0	32.0	33.0	34.0	35.0	36.0	37.0	38.0	39.0
ERR315336_2	219996.0	41803.0	31669.0	28142.0	28924.0	30687.0	32365.0	34478.0	36367.0	37908.0	39641.0	41331.0	42883.0	44341.0	45274.0	46012.0	46204.0	47320.0	49148.0	53953.0	61145.0	72160.0	87542.0	106743.0	130105.0	157108.0	192693.0	237833.0	297386.0	377867.0	493887.0	650109.0	862655.0	1192060.0	1994259.0	4337570.0	4149632.0	10360.0
	2.0	3.0	4.0	5.0	6.0	7.0	8.0	9.0	10.0	11.0	12.0	13.0	14.0	15.0	16.0	17.0	18.0	19.0	20.0	21.0	22.0	23.0	24.0	25.0	26.0	27.0	28.0	29.0	30.0	31.0	32.0	33.0	34.0	35.0	36.0	37.0	38.0	39.0
ERR315353_1	1889.0	145.0	362.0	596.0	1053.0	2307.0	4947.0	8107.0	11366.0	14152.0	17343.0	20962.0	24059.0	27416.0	30726.0	34381.0	38449.0	43295.0	49493.0	56948.0	67665.0	83760.0	106595.0	137396.0	178133.0	230596.0	278239.0	343549.0	429911.0	537115.0	670194.0	832325.0	1012769.0	1232679.0	1709702.0	3045222.0	2287629.0	4528.0
	2.0	3.0	4.0	5.0	6.0	7.0	8.0	9.0	10.0	11.0	12.0	13.0	14.0	15.0	16.0	17.0	18.0	19.0	20.0	21.0	22.0	23.0	24.0	25.0	26.0	27.0	28.0	29.0	30.0	31.0	32.0	33.0	34.0	35.0	36.0	37.0	38.0	39.0
ERR315353_2	372165.0	62604.0	45836.0	40586.0	39986.0	43866.0	50908.0	60703.0	68802.0	72501.0	71419.0	69291.0	69983.0	70268.0	69296.0	65188.0	61822.0	62660.0	67167.0	77120.0	91881.0	114919.0	147750.0	188990.0	237892.0	297137.0	373683.0	468364.0	585473.0	740440.0	1013055.0	1312445.0	795297.0	923588.0	1301623.0	2082200.0	1356897.0	2198.0
	2.0	3.0	4.0	5.0	6.0	7.0	8.0	9.0	10.0	11.0	12.0	13.0	14.0	15.0	16.0	17.0	18.0	19.0	20.0	21.0	22.0	23.0	24.0	25.0	26.0	27.0	28.0	29.0	30.0	31.0	32.0	33.0	34.0	35.0	36.0	37.0	38.0	39.0
ERR315361_1	7.0	9.0	17.0	37.0	106.0	277.0	667.0	1288.0	2067.0	2800.0	3516.0	4064.0	4998.0	5620.0	6385.0	7069.0	7851.0	9229.0	10840.0	12688.0	15201.0	18134.0	23396.0	30371.0	40828.0	59880.0	81479.0	69783.0	90494.0	117628.0	153578.0	206131.0	273636.0	380875.0	701794.0	2219934.0	2814749.0	11427.0
	2.0	3.0	4.0	5.0	6.0	7.0	8.0	9.0	10.0	11.0	12.0	13.0	14.0	15.0	16.0	17.0	18.0	19.0	20.0	21.0	22.0	23.0	24.0	25.0	26.0	27.0	28.0	29.0	30.0	31.0	32.0	33.0	34.0	35.0	36.0	37.0	38.0	39.0
ERR315361_2	160222.0	24239.0	15158.0	13474.0	12266.0	12259.0	12563.0	12886.0	14058.0	14582.0	15607.0	15874.0	16407.0	17208.0	17515.0	17514.0	17675.0	18365.0	19277.0	20978.0	23241.0	27471.0	32930.0	39268.0	46752.0	56411.0	67142.0	82594.0	101570.0	129045.0	168733.0	225545.0	307794.0	446612.0	850375.0	2135568.0	2174933.0	4742.0
	2.0	3.0	4.0	5.0	6.0	7.0	8.0	9.0	10.0	11.0	12.0	13.0	14.0	15.0	16.0	17.0	18.0	19.0	20.0	21.0	22.0	23.0	24.0	25.0	26.0	27.0	28.0	29.0	30.0	31.0	32.0	33.0	34.0	35.0	36.0	37.0	38.0	39.0
ERR315368_1	777.0	65.0	145.0	255.0	552.0	1182.0	2745.0	4532.0	6719.0	8276.0	10125.0	11878.0	13390.0	14738.0	16303.0	17790.0	19532.0	21833.0	24844.0	28879.0	34445.0	43394.0	55165.0	71709.0	94304.0	122737.0	159126.0	181614.0	226817.0	287844.0	363890.0	463216.0	574039.0	709418.0	1026376.0	2100333.0	1960515.0	5456.0
	2.0	3.0	4.0	5.0	6.0	7.0	8.0	9.0	10.0	11.0	12.0	13.0	14.0	15.0	16.0	17.0	18.0	19.0	20.0	21.0	22.0	23.0	24.0	25.0	26.0	27.0	28.0	29.0	30.0	31.0	32.0	33.0	34.0	35.0	36.0	37.0	38.0	39.0
ERR315368_2	242067.0	33034.0	25512.0	22173.0	21903.0	23324.0	24975.0	26123.0	27403.0	28311.0	29193.0	30684.0	31725.0	32205.0	32592.0	32445.0	32660.0	33104.0	34671.0	38636.0	44545.0	53531.0	64764.0	78381.0	95149.0	113895.0	138095.0	168001.0	208688.0	262869.0	339241.0	438153.0	559768.0	711210.0	1035932.0	1907701.0	1658122.0	4173.0
	2.0	3.0	4.0	5.0	6.0	7.0	8.0	9.0	10.0	11.0	12.0	13.0	14.0	15.0	16.0	17.0	18.0	19.0	20.0	21.0	22.0	23.0	24.0	25.0	26.0	27.0	28.0	29.0	30.0	31.0	32.0	33.0	34.0	35.0	36.0	37.0	38.0	39.0
ERR315374_1	600.0	65.0	160.0	267.0	492.0	1100.0	2387.0	4040.0	5726.0	7642.0	9203.0	10473.0	11708.0	13401.0	15188.0	17219.0	19947.0	22984.0	26997.0	31321.0	37499.0	46985.0	60518.0	80013.0	107386.0	151425.0	170961.0	208734.0	268736.0	346622.0	450145.0	587308.0	761166.0	1006826.0	1657686.0	4357886.0	4726735.0	14115.0
	2.0	3.0	4.0	5.0	6.0	7.0	8.0	9.0	10.0	11.0	12.0	13.0	14.0	15.0	16.0	17.0	18.0	19.0	20.0	21.0	22.0	23.0	24.0	25.0	26.0	27.0	28.0	29.0	30.0	31.0	32.0	33.0	34.0	35.0	36.0	37.0	38.0	39.0
ERR315374_2	218932.0	35115.0	23075.0	20673.0	21137.0	22017.0	22709.0	24345.0	26150.0	27475.0	28783.0	30674.0	31513.0	33083.0	33674.0	34061.0	34832.0	36134.0	37931.0	41983.0	47664.0	56832.0	69074.0	85687.0	101452.0	124816.0	152778.0	191741.0	242563.0	314584.0	414057.0	558153.0	752485.0	1048039.0	1780309.0	4197731.0	4306529.0	12876.0
	2.0	3.0	4.0	5.0	6.0	7.0	8.0	9.0	10.0	11.0	12.0	13.0	14.0	15.0	16.0	17.0	18.0	19.0	20.0	21.0	22.0	23.0	24.0	25.0	26.0	27.0	28.0	29.0	30.0	31.0	32.0	33.0	34.0	35.0	36.0	37.0	38.0	39.0
ERR315377_1	628.0	74.0	162.0	257.0	525.0	1058.0	2122.0	3683.0	5407.0	6977.0	8218.0	9629.0	10746.0	12324.0	14023.0	15802.0	18190.0	20772.0	24326.0	28785.0	34357.0	43214.0	55922.0	73922.0	100117.0	141289.0	157568.0	190817.0	245194.0	317633.0	414312.0	542693.0	709718.0	947298.0	1594314.0	4411221.0	4844941.0	14210.0
	2.0	3.0	4.0	5.0	6.0	7.0	8.0	9.0	10.0	11.0	12.0	13.0	14.0	15.0	16.0	17.0	18.0	19.0	20.0	21.0	22.0	23.0	24.0	25.0	26.0	27.0	28.0	29.0	30.0	31.0	32.0	33.0	34.0	35.0	36.0	37.0	38.0	39.0
ERR315377_2	213116.0	34253.0	21765.0	19100.0	20117.0	20722.0	21550.0	22590.0	24298.0	25426.0	26789.0	28594.0	29863.0	31058.0	31564.0	32410.0	33829.0	34547.0	36253.0	39973.0	45669.0	53434.0	64788.0	79033.0	93584.0	114783.0	141579.0	177152.0	225026.0	291579.0	388475.0	520225.0	708828.0	1004619.0	1755294.0	4254970.0	4343137.0	12456.0
	2.0	3.0	4.0	5.0	6.0	7.0	8.0	9.0	10.0	11.0	12.0	13.0	14.0	15.0	16.0	17.0	18.0	19.0	20.0	21.0	22.0	23.0	24.0	25.0	26.0	27.0	28.0	29.0	30.0	31.0	32.0	33.0	34.0	35.0	36.0	37.0	38.0	39.0
ERR315386_1	898.0	59.0	156.0	257.0	472.0	1001.0	2199.0	4004.0	5835.0	7247.0	8944.0	10495.0	11716.0	12940.0	14192.0	16012.0	17402.0	19517.0	22628.0	25809.0	31198.0	38506.0	49463.0	64215.0	83417.0	109651.0	142279.0	157480.0	198993.0	251430.0	319053.0	404523.0	500732.0	614502.0	876600.0	1795978.0	1668350.0	4422.0
	2.0	3.0	4.0	5.0	6.0	7.0	8.0	9.0	10.0	11.0	12.0	13.0	14.0	15.0	16.0	17.0	18.0	19.0	20.0	21.0	22.0	23.0	24.0	25.0	26.0	27.0	28.0	29.0	30.0	31.0	32.0	33.0	34.0	35.0	36.0	37.0	38.0	39.0
ERR315386_2	192766.0	22782.0	17648.0	15799.0	15409.0	16420.0	17189.0	18563.0	19589.0	20516.0	21615.0	22555.0	23706.0	24145.0	24758.0	24958.0	25372.0	25516.0	27386.0	29999.0	34297.0	41076.0	49669.0	60308.0	73421.0	90025.0	110727.0	137185.0	171914.0	220693.0	288356.0	377482.0	485892.0	624809.0	923324.0	1724877.0	1468449.0	3380.0
	2.0	3.0	4.0	5.0	6.0	7.0	8.0	9.0	10.0	11.0	12.0	13.0	14.0	15.0	16.0	17.0	18.0	19.0	20.0	21.0	22.0	23.0	24.0	25.0	26.0	27.0	28.0	29.0	30.0	31.0	32.0	33.0	34.0	35.0	36.0	37.0	38.0	39.0	40.0
ERR315394_1	1014.0	313.0	672.0	1038.0	1937.0	3164.0	4953.0	7187.0	8880.0	10138.0	11709.0	13334.0	15458.0	17492.0	19893.0	22405.0	24786.0	27652.0	30698.0	33395.0	37344.0	41501.0	47146.0	54149.0	63613.0	74914.0	87417.0	105775.0	127844.0	155857.0	193687.0	245066.0	327296.0	460192.0	715741.0	1231217.0	1529252.0	341581.0	276.0
	2.0	3.0	4.0	5.0	6.0	7.0	8.0	9.0	10.0	11.0	12.0	13.0	14.0	15.0	16.0	17.0	18.0	19.0	20.0	21.0	22.0	23.0	24.0	25.0	26.0	27.0	28.0	29.0	30.0	31.0	32.0	33.0	34.0	35.0	36.0	37.0	38.0	39.0	40.0
ERR315394_2	18002.0	5513.0	5462.0	6124.0	7547.0	9024.0	10595.0	12631.0	14019.0	15636.0	17012.0	18438.0	20189.0	21712.0	23455.0	26015.0	28393.0	31945.0	34783.0	39619.0	44483.0	50027.0	56547.0	62493.0	71763.0	82816.0	95927.0	112633.0	132942.0	160901.0	198678.0	251804.0	332823.0	464665.0	705581.0	1168518.0	1412306.0	324674.0	291.0
	2.0	3.0	4.0	5.0	6.0	7.0	8.0	9.0	10.0	11.0	12.0	13.0	14.0	15.0	16.0	17.0	18.0	19.0	20.0	21.0	22.0	23.0	24.0	25.0	26.0	27.0	28.0	29.0	30.0	31.0	32.0	33.0	34.0	35.0	36.0	37.0	38.0	39.0
ERR315399_1	329.0	53.0	119.0	258.0	469.0	1088.0	2463.0	4112.0	6156.0	7736.0	9154.0	10610.0	11849.0	13642.0	15382.0	17186.0	19212.0	21892.0	24795.0	29154.0	34988.0	44125.0	57010.0	75264.0	99128.0	134067.0	169486.0	209400.0	270120.0	349120.0	455163.0	596934.0	777079.0	1040317.0	1766327.0	4758359.0	5055004.0	13775.0
	2.0	3.0	4.0	5.0	6.0	7.0	8.0	9.0	10.0	11.0	12.0	13.0	14.0	15.0	16.0	17.0	18.0	19.0	20.0	21.0	22.0	23.0	24.0	25.0	26.0	27.0	28.0	29.0	30.0	31.0	32.0	33.0	34.0	35.0	36.0	37.0	38.0	39.0
ERR315399_2	210950.0	39771.0	29918.0	26688.0	27525.0	28997.0	30162.0	32059.0	33500.0	35095.0	36617.0	38807.0	40235.0	41532.0	42280.0	43366.0	43665.0	44774.0	46833.0	51204.0	57953.0	67925.0	81383.0	98973.0	120593.0	145693.0	176705.0	218956.0	275279.0	352795.0	460227.0	611014.0	816471.0	1149451.0	1974192.0	4391078.0	4168466.0	10193.0
	2.0	3.0	4.0	5.0	6.0	7.0	8.0	9.0	10.0	11.0	12.0	13.0	14.0	15.0	16.0	17.0	18.0	19.0	20.0	21.0	22.0	23.0	24.0	25.0	26.0	27.0	28.0	29.0	30.0	31.0	32.0	33.0	34.0	35.0	36.0	37.0	38.0	39.0	40.0
ERR315414_1	2321.0	781.0	1513.0	3463.0	7863.0	19546.0	43243.0	66615.0	87156.0	110510.0	139081.0	167998.0	199964.0	229082.0	260775.0	291386.0	321536.0	350129.0	375293.0	402447.0	433421.0	469688.0	515409.0	574363.0	645437.0	730845.0	828900.0	935443.0	1052749.0	1188268.0	1339720.0	1528235.0	1749112.0	2015999.0	2277534.0	2233443.0	1120442.0	91472.0	4.0
	2.0	3.0	4.0	5.0	6.0	7.0	8.0	9.0	10.0	11.0	12.0	13.0	14.0	15.0	16.0	17.0	18.0	19.0	20.0	21.0	22.0	23.0	24.0	25.0	26.0	27.0	28.0	29.0	30.0	31.0	32.0	33.0	34.0	35.0	36.0	37.0	38.0	39.0	40.0
ERR315414_2	76562.0	29318.0	39671.0	49853.0	66089.0	83614.0	101740.0	117336.0	133193.0	151468.0	168643.0	182768.0	195114.0	207625.0	226047.0	249157.0	279264.0	310993.0	346359.0	384842.0	420160.0	462442.0	505495.0	553617.0	606788.0	670143.0	743390.0	831396.0	940026.0	1066161.0	1225048.0	1415937.0	1653053.0	1947288.0	2291749.0	2463321.0	1468994.0	146499.0	23.0
	2.0	3.0	4.0	5.0	6.0	7.0	8.0	9.0	10.0	11.0	12.0	13.0	14.0	15.0	16.0	17.0	18.0	19.0	20.0	21.0	22.0	23.0	24.0	25.0	26.0	27.0	28.0	29.0	30.0	31.0	32.0	33.0	34.0	35.0	36.0	37.0	38.0	39.0
ERR315424_1	717.0	73.0	216.0	458.0	871.0	2047.0	4298.0	6863.0	9094.0	11507.0	14018.0	16708.0	18999.0	20900.0	23186.0	26412.0	29096.0	33001.0	38233.0	44495.0	52934.0	65146.0	80873.0	103033.0	131831.0	171597.0	192116.0	225383.0	279274.0	347267.0	430565.0	531618.0	646673.0	791978.0	1119254.0	1941131.0	1346821.0	2451.0
	2.0	3.0	4.0	5.0	6.0	7.0	8.0	9.0	10.0	11.0	12.0	13.0	14.0	15.0	16.0	17.0	18.0	19.0	20.0	21.0	22.0	23.0	24.0	25.0	26.0	27.0	28.0	29.0	30.0	31.0	32.0	33.0	34.0	35.0	36.0	37.0	38.0	39.0
ERR315424_2	455687.0	62829.0	44269.0	38641.0	38763.0	41658.0	46800.0	53834.0	59511.0	61093.0	58835.0	56083.0	55965.0	55557.0	53790.0	50436.0	47549.0	47734.0	51141.0	58121.0	68957.0	86032.0	108166.0	135980.0	169178.0	206805.0	253510.0	310365.0	378379.0	471097.0	621387.0	769080.0	490668.0	566169.0	781201.0	1171999.0	732752.0	1116.0
	2.0	3.0	4.0	5.0	6.0	7.0	8.0	9.0	10.0	11.0	12.0	13.0	14.0	15.0	16.0	17.0	18.0	19.0	20.0	21.0	22.0	23.0	24.0	25.0	26.0	27.0	28.0	29.0	30.0	31.0	32.0	33.0	34.0	35.0	36.0	37.0	38.0	39.0	40.0
ERR315432_1	3263.0	918.0	1751.0	3423.0	7604.0	17037.0	33981.0	49282.0	59596.0	70576.0	83770.0	99459.0	115526.0	130706.0	144915.0	156834.0	167761.0	180347.0	190569.0	203188.0	219641.0	244104.0	282229.0	333208.0	400050.0	484312.0	581177.0	692613.0	816049.0	953195.0	1107301.0	1290518.0	1507272.0	1753624.0	1975635.0	1927116.0	1143697.0	152990.0	27.0
	2.0	3.0	4.0	5.0	6.0	7.0	8.0	9.0	10.0	11.0	12.0	13.0	14.0	15.0	16.0	17.0	18.0	19.0	20.0	21.0	22.0	23.0	24.0	25.0	26.0	27.0	28.0	29.0	30.0	31.0	32.0	33.0	34.0	35.0	36.0	37.0	38.0	39.0	40.0
ERR315432_2	229660.0	47326.0	48085.0	54391.0	64865.0	75626.0	86954.0	98856.0	110000.0	119161.0	126110.0	130296.0	135024.0	140071.0	147705.0	156808.0	169404.0	183957.0	202648.0	224843.0	251569.0	283158.0	320095.0	365900.0	419267.0	482454.0	557422.0	645034.0	745883.0	868480.0	1012550.0	1187234.0	1391103.0	1616585.0	1824048.0	1825118.0	1108693.0	128871.0	10.0
	2.0	3.0	4.0	5.0	6.0	7.0	8.0	9.0	10.0	11.0	12.0	13.0	14.0	15.0	16.0	17.0	18.0	19.0	20.0	21.0	22.0	23.0	24.0	25.0	26.0	27.0	28.0	29.0	30.0	31.0	32.0	33.0	34.0	35.0	36.0	37.0	38.0	39.0
ERR315433_1	516.0	56.0	121.0	238.0	511.0	1242.0	2912.0	4978.0	7040.0	8700.0	10728.0	12314.0	13962.0	15425.0	17203.0	18877.0	21037.0	23474.0	26594.0	31263.0	37098.0	46056.0	59284.0	77036.0	99784.0	129843.0	169058.0	194034.0	241987.0	305552.0	385410.0	484332.0	595797.0	732275.0	1041263.0	2030398.0	1884449.0	5418.0
	2.0	3.0	4.0	5.0	6.0	7.0	8.0	9.0	10.0	11.0	12.0	13.0	14.0	15.0	16.0	17.0	18.0	19.0	20.0	21.0	22.0	23.0	24.0	25.0	26.0	27.0	28.0	29.0	30.0	31.0	32.0	33.0	34.0	35.0	36.0	37.0	38.0	39.0
ERR315433_2	258098.0	37098.0	28634.0	25265.0	24331.0	25471.0	27257.0	28722.0	30186.0	30902.0	32271.0	33261.0	34413.0	34649.0	34983.0	35031.0	35039.0	35829.0	37354.0	41568.0	48179.0	58120.0	70339.0	84098.0	102632.0	122903.0	147515.0	179140.0	221136.0	277816.0	353790.0	455496.0	574535.0	722879.0	1031656.0	1828511.0	1583082.0	4076.0
	2.0	3.0	4.0	5.0	6.0	7.0	8.0	9.0	10.0	11.0	12.0	13.0	14.0	15.0	16.0	17.0	18.0	19.0	20.0	21.0	22.0	23.0	24.0	25.0	26.0	27.0	28.0	29.0	30.0	31.0	32.0	33.0	34.0	35.0	36.0	37.0	38.0	39.0
ERR315438_1	625.0	59.0	126.0	218.0	433.0	1165.0	2451.0	4179.0	5858.0	7571.0	9164.0	10747.0	12310.0	13690.0	15137.0	16945.0	18676.0	21044.0	23941.0	27675.0	33294.0	41112.0	52819.0	68459.0	88713.0	116159.0	149331.0	168712.0	213140.0	266351.0	336863.0	421622.0	516541.0	632597.0	889486.0	1734598.0	1600236.0	4289.0
	2.0	3.0	4.0	5.0	6.0	7.0	8.0	9.0	10.0	11.0	12.0	13.0	14.0	15.0	16.0	17.0	18.0	19.0	20.0	21.0	22.0	23.0	24.0	25.0	26.0	27.0	28.0	29.0	30.0	31.0	32.0	33.0	34.0	35.0	36.0	37.0	38.0	39.0
ERR315438_2	203116.0	25818.0	19531.0	17302.0	16938.0	18203.0	19107.0	20231.0	21466.0	22738.0	23802.0	24559.0	25653.0	26391.0	26944.0	27251.0	27104.0	28042.0	28862.0	32164.0	37333.0	44754.0	53983.0	65746.0	79819.0	98212.0	118838.0	147216.0	183336.0	233214.0	302058.0	393317.0	500911.0	637724.0	916936.0	1653164.0	1401034.0	3519.0
	2.0	3.0	4.0	5.0	6.0	7.0	8.0	9.0	10.0	11.0	12.0	13.0	14.0	15.0	16.0	17.0	18.0	19.0	20.0	21.0	22.0	23.0	24.0	25.0	26.0	27.0	28.0	29.0	30.0	31.0	32.0	33.0	34.0	35.0	36.0	37.0	38.0	39.0
ERR315439_1	21.0	6.0	19.0	33.0	92.0	255.0	632.0	1138.0	1734.0	2157.0	2984.0	3836.0	4199.0	4727.0	5204.0	5799.0	6530.0	7419.0	8354.0	10317.0	12326.0	16030.0	21370.0	29269.0	41642.0	66607.0	68550.0	67407.0	86828.0	113108.0	151318.0	201694.0	263769.0	393955.0	1052964.0	2370888.0	1252746.0	4502.0
	2.0	3.0	4.0	5.0	6.0	7.0	8.0	9.0	10.0	11.0	12.0	13.0	14.0	15.0	16.0	17.0	18.0	19.0	20.0	21.0	22.0	23.0	24.0	25.0	26.0	27.0	28.0	29.0	30.0	31.0	32.0	33.0	34.0	35.0	36.0	37.0	38.0	39.0
ERR315439_2	208602.0	27814.0	18469.0	15658.0	14057.0	15037.0	15205.0	14893.0	15017.0	14590.0	14309.0	14109.0	13757.0	13636.0	13745.0	13981.0	14977.0	15037.0	15972.0	17865.0	20906.0	24935.0	30263.0	36664.0	42866.0	51378.0	61412.0	74700.0	91862.0	117092.0	154860.0	208348.0	270774.0	380268.0	823442.0	2057844.0	1322065.0	4020.0
	2.0	3.0	4.0	5.0	6.0	7.0	8.0	9.0	10.0	11.0	12.0	13.0	14.0	15.0	16.0	17.0	18.0	19.0	20.0	21.0	22.0	23.0	24.0	25.0	26.0	27.0	28.0	29.0	30.0	31.0	32.0	33.0	34.0	35.0	36.0	37.0	38.0	39.0
ERR315444_1	23.0	12.0	23.0	57.0	92.0	238.0	599.0	1164.0	1815.0	2352.0	2991.0	3901.0	4191.0	4572.0	5052.0	5610.0	6465.0	7444.0	8799.0	10261.0	12550.0	16068.0	21144.0	28732.0	40423.0	65482.0	75580.0	65561.0	85336.0	110700.0	146839.0	197499.0	255608.0	342821.0	727302.0	2468704.0	1655691.0	6297.0
	2.0	3.0	4.0	5.0	6.0	7.0	8.0	9.0	10.0	11.0	12.0	13.0	14.0	15.0	16.0	17.0	18.0	19.0	20.0	21.0	22.0	23.0	24.0	25.0	26.0	27.0	28.0	29.0	30.0	31.0	32.0	33.0	34.0	35.0	36.0	37.0	38.0	39.0
ERR315444_2	219665.0	28296.0	19336.0	16359.0	14975.0	15422.0	16081.0	16096.0	16400.0	16643.0	16101.0	15827.0	15532.0	15096.0	14739.0	14759.0	15214.0	15494.0	16781.0	18225.0	21779.0	26257.0	32165.0	38607.0	45494.0	53840.0	64488.0	76755.0	94906.0	120951.0	158510.0	214998.0	276963.0	375736.0	791207.0	2076791.0	1376790.0	4720.0
	2.0	3.0	4.0	5.0	6.0	7.0	8.0	9.0	10.0	11.0	12.0	13.0	14.0	15.0	16.0	17.0	18.0	19.0	20.0	21.0	22.0	23.0	24.0	25.0	26.0	27.0	28.0	29.0	30.0	31.0	32.0	33.0	34.0	35.0	36.0	37.0	38.0	39.0	40.0
ERR315451_1	3371.0	948.0	1850.0	2809.0	4656.0	7884.0	12242.0	17103.0	21651.0	25852.0	29564.0	34259.0	40751.0	46716.0	52310.0	58161.0	64674.0	72346.0	79071.0	87160.0	97495.0	109535.0	125433.0	144405.0	170762.0	197267.0	222130.0	266329.0	324138.0	395005.0	488563.0	625976.0	835413.0	1177853.0	1827839.0	3047993.0	3578249.0	809687.0	698.0
	2.0	3.0	4.0	5.0	6.0	7.0	8.0	9.0	10.0	11.0	12.0	13.0	14.0	15.0	16.0	17.0	18.0	19.0	20.0	21.0	22.0	23.0	24.0	25.0	26.0	27.0	28.0	29.0	30.0	31.0	32.0	33.0	34.0	35.0	36.0	37.0	38.0	39.0	40.0
ERR315451_2	67993.0	20811.0	14316.0	15707.0	20690.0	25473.0	27857.0	32625.0	36920.0	41312.0	44945.0	48640.0	53946.0	58284.0	62856.0	68328.0	74835.0	82652.0	91185.0	103119.0	115722.0	131576.0	152411.0	164132.0	186321.0	215351.0	247514.0	290160.0	343574.0	413820.0	509655.0	645036.0	850851.0	1183004.0	1786439.0	2859108.0	3260959.0	759245.0	776.0
	2.0	3.0	4.0	5.0	6.0	7.0	8.0	9.0	10.0	11.0	12.0	13.0	14.0	15.0	16.0	17.0	18.0	19.0	20.0	21.0	22.0	23.0	24.0	25.0	26.0	27.0	28.0	29.0	30.0	31.0	32.0	33.0	34.0	35.0	36.0	37.0	38.0	39.0
ERR315455_1	38270.0	2484.0	6683.0	8119.0	8622.0	9254.0	12610.0	17987.0	23575.0	27930.0	30851.0	33922.0	36119.0	38945.0	42261.0	46485.0	51382.0	57276.0	63693.0	72291.0	86872.0	106980.0	135519.0	173329.0	225966.0	270954.0	337072.0	426870.0	539825.0	686878.0	884089.0	1150753.0	1511562.0	2055955.0	3316200.0	6648224.0	5130550.0	7398.0
	2.0	3.0	4.0	5.0	6.0	7.0	8.0	9.0	10.0	11.0	12.0	13.0	14.0	15.0	16.0	17.0	18.0	19.0	20.0	21.0	22.0	23.0	24.0	25.0	26.0	27.0	28.0	29.0	30.0	31.0	32.0	33.0	34.0	35.0	36.0	37.0	38.0	39.0
ERR315455_2	316572.0	62664.0	49661.0	45102.0	44950.0	48187.0	49596.0	54980.0	61328.0	64278.0	66938.0	69272.0	72727.0	75025.0	77929.0	79107.0	79449.0	81211.0	86014.0	94228.0	109747.0	132388.0	162721.0	197019.0	240193.0	292357.0	356296.0	435971.0	538577.0	674384.0	856684.0	1122175.0	1479840.0	2019180.0	3190991.0	6002736.0	4921458.0	11820.0
	2.0	3.0	4.0	5.0	6.0	7.0	8.0	9.0	10.0	11.0	12.0	13.0	14.0	15.0	16.0	17.0	18.0	19.0	20.0	21.0	22.0	23.0	24.0	25.0	26.0	27.0	28.0	29.0	30.0	31.0	32.0	33.0	34.0	35.0	36.0	37.0	38.0	39.0	40.0
ERR315463_1	3035.0	910.0	1712.0	2757.0	4548.0	7798.0	12322.0	17760.0	21853.0	26214.0	30904.0	36865.0	42926.0	49355.0	56122.0	62648.0	69085.0	76471.0	83599.0	92182.0	102327.0	114175.0	131155.0	150701.0	175441.0	203139.0	231318.0	276211.0	335414.0	408325.0	504926.0	643184.0	856040.0	1202138.0	1856238.0	3088535.0	3593580.0	798271.0	662.0
	2.0	3.0	4.0	5.0	6.0	7.0	8.0	9.0	10.0	11.0	12.0	13.0	14.0	15.0	16.0	17.0	18.0	19.0	20.0	21.0	22.0	23.0	24.0	25.0	26.0	27.0	28.0	29.0	30.0	31.0	32.0	33.0	34.0	35.0	36.0	37.0	38.0	39.0	40.0
ERR315463_2	67661.0	21071.0	15193.0	16145.0	21487.0	26603.0	29184.0	33566.0	38477.0	42786.0	46166.0	50608.0	55332.0	60104.0	64756.0	70474.0	76796.0	84853.0	93742.0	105475.0	119373.0	134272.0	155025.0	168125.0	190032.0	218688.0	252648.0	296749.0	349889.0	421252.0	518086.0	654298.0	863595.0	1196691.0	1799107.0	2874647.0	3329112.0	807864.0	914.0
	2.0	3.0	4.0	5.0	6.0	7.0	8.0	9.0	10.0	11.0	12.0	13.0	14.0	15.0	16.0	17.0	18.0	19.0	20.0	21.0	22.0	23.0	24.0	25.0	26.0	27.0	28.0	29.0	30.0	31.0	32.0	33.0	34.0	35.0	36.0	37.0	38.0	39.0
ERR315476_1	658.0	67.0	174.0	278.0	534.0	1091.0	2211.0	3796.0	5643.0	6982.0	8340.0	9589.0	10994.0	11993.0	13804.0	15502.0	17393.0	19972.0	23186.0	26647.0	32175.0	39662.0	51499.0	68004.0	89937.0	123206.0	151183.0	185090.0	239218.0	309208.0	403115.0	528325.0	690603.0	923033.0	1544518.0	4193010.0	4882459.0	15930.0
	2.0	3.0	4.0	5.0	6.0	7.0	8.0	9.0	10.0	11.0	12.0	13.0	14.0	15.0	16.0	17.0	18.0	19.0	20.0	21.0	22.0	23.0	24.0	25.0	26.0	27.0	28.0	29.0	30.0	31.0	32.0	33.0	34.0	35.0	36.0	37.0	38.0	39.0
ERR315476_2	175605.0	30650.0	22336.0	20062.0	20561.0	21627.0	22529.0	23999.0	25791.0	26657.0	28057.0	30014.0	31319.0	32943.0	33360.0	34496.0	34937.0	36807.0	38530.0	41916.0	47345.0	55542.0	66508.0	81546.0	97134.0	119364.0	145873.0	182199.0	231162.0	298898.0	393260.0	526976.0	712612.0	1010453.0	1739779.0	4026624.0	4168831.0	12727.0
	2.0	3.0	4.0	5.0	6.0	7.0	8.0	9.0	10.0	11.0	12.0	13.0	14.0	15.0	16.0	17.0	18.0	19.0	20.0	21.0	22.0	23.0	24.0	25.0	26.0	27.0	28.0	29.0	30.0	31.0	32.0	33.0	34.0	35.0	36.0	37.0	38.0	39.0
ERR315477_1	28843.0	2256.0	5639.0	6993.0	7997.0	9210.0	13428.0	19793.0	26016.0	31123.0	34972.0	38687.0	42193.0	45096.0	49814.0	54705.0	61495.0	68300.0	77548.0	88958.0	106043.0	131644.0	166591.0	215317.0	279782.0	332351.0	389729.0	491675.0	622770.0	790415.0	1019644.0	1326754.0	1744503.0	2372184.0	3816315.0	7749318.0	6189362.0	9185.0
	2.0	3.0	4.0	5.0	6.0	7.0	8.0	9.0	10.0	11.0	12.0	13.0	14.0	15.0	16.0	17.0	18.0	19.0	20.0	21.0	22.0	23.0	24.0	25.0	26.0	27.0	28.0	29.0	30.0	31.0	32.0	33.0	34.0	35.0	36.0	37.0	38.0	39.0
ERR315477_2	381382.0	69527.0	53742.0	49984.0	51155.0	55049.0	56628.0	61953.0	70238.0	74217.0	76795.0	79926.0	83787.0	87688.0	90590.0	93311.0	95593.0	98515.0	105095.0	117968.0	138534.0	169796.0	215750.0	234489.0	279513.0	339825.0	412006.0	504446.0	622744.0	779448.0	990331.0	1296481.0	1711424.0	2335820.0	3683940.0	7013078.0	5872034.0	13846.0
	2.0	3.0	4.0	5.0	6.0	7.0	8.0	9.0	10.0	11.0	12.0	13.0	14.0	15.0	16.0	17.0	18.0	19.0	20.0	21.0	22.0	23.0	24.0	25.0	26.0	27.0	28.0	29.0	30.0	31.0	32.0	33.0	34.0	35.0	36.0	37.0	38.0	39.0
ERR315478_1	682.0	61.0	174.0	299.0	512.0	1199.0	2511.0	4197.0	6195.0	7732.0	9392.0	10598.0	11712.0	13165.0	15020.0	17006.0	19355.0	21918.0	25441.0	29722.0	35262.0	43826.0	56364.0	74263.0	98103.0	133162.0	165972.0	202904.0	262761.0	337621.0	437449.0	572666.0	745028.0	983776.0	1611441.0	4158834.0	4773742.0	16149.0
	2.0	3.0	4.0	5.0	6.0	7.0	8.0	9.0	10.0	11.0	12.0	13.0	14.0	15.0	16.0	17.0	18.0	19.0	20.0	21.0	22.0	23.0	24.0	25.0	26.0	27.0	28.0	29.0	30.0	31.0	32.0	33.0	34.0	35.0	36.0	37.0	38.0	39.0
ERR315478_2	182666.0	31855.0	24005.0	21887.0	22138.0	22764.0	24160.0	26272.0	27937.0	28833.0	30789.0	32202.0	33670.0	34799.0	35522.0	36311.0	37654.0	38648.0	40568.0	44023.0	50030.0	59588.0	71198.0	88009.0	106450.0	129899.0	159016.0	198696.0	250602.0	323314.0	422915.0	563068.0	755173.0	1054065.0	1766757.0	3977148.0	4140265.0	13318.0
	2.0	3.0	4.0	5.0	6.0	7.0	8.0	9.0	10.0	11.0	12.0	13.0	14.0	15.0	16.0	17.0	18.0	19.0	20.0	21.0	22.0	23.0	24.0	25.0	26.0	27.0	28.0	29.0	30.0	31.0	32.0	33.0	34.0	35.0	36.0	37.0	38.0	39.0
ERR315487_1	1519.0	146.0	335.0	578.0	1002.0	2328.0	5142.0	8386.0	11603.0	14689.0	17730.0	20954.0	24290.0	27369.0	30885.0	34526.0	38913.0	43814.0	50279.0	58357.0	69657.0	86141.0	109604.0	141140.0	181664.0	235013.0	282511.0	349997.0	438511.0	547284.0	682017.0	846627.0	1029130.0	1245104.0	1712988.0	3014244.0	2299861.0	4709.0
	2.0	3.0	4.0	5.0	6.0	7.0	8.0	9.0	10.0	11.0	12.0	13.0	14.0	15.0	16.0	17.0	18.0	19.0	20.0	21.0	22.0	23.0	24.0	25.0	26.0	27.0	28.0	29.0	30.0	31.0	32.0	33.0	34.0	35.0	36.0	37.0	38.0	39.0
ERR315487_2	383408.0	60534.0	45845.0	39937.0	38198.0	40109.0	43687.0	47534.0	50268.0	52246.0	54353.0	56496.0	58736.0	60541.0	60549.0	60831.0	61230.0	62565.0	65993.0	73574.0	84834.0	100899.0	122094.0	147205.0	177736.0	214446.0	259713.0	318565.0	393436.0	493256.0	625236.0	794395.0	987787.0	1244193.0	1732265.0	2727918.0	1825375.0	3060.0
	2.0	3.0	4.0	5.0	6.0	7.0	8.0	9.0	10.0	11.0	12.0	13.0	14.0	15.0	16.0	17.0	18.0	19.0	20.0	21.0	22.0	23.0	24.0	25.0	26.0	27.0	28.0	29.0	30.0	31.0	32.0	33.0	34.0	35.0	36.0	37.0	38.0	39.0
ERR315490_1	9.0	14.0	20.0	55.0	108.0	296.0	771.0	1553.0	2381.0	3045.0	3842.0	4716.0	5327.0	5960.0	6731.0	7750.0	8888.0	10416.0	12357.0	14879.0	17866.0	21979.0	27347.0	34265.0	44596.0	63919.0	86826.0	77091.0	98684.0	126329.0	165732.0	219384.0	290228.0	397906.0	708815.0	2178788.0	2785054.0	11644.0
	2.0	3.0	4.0	5.0	6.0	7.0	8.0	9.0	10.0	11.0	12.0	13.0	14.0	15.0	16.0	17.0	18.0	19.0	20.0	21.0	22.0	23.0	24.0	25.0	26.0	27.0	28.0	29.0	30.0	31.0	32.0	33.0	34.0	35.0	36.0	37.0	38.0	39.0
ERR315490_2	167229.0	30020.0	15804.0	13329.0	12889.0	12900.0	13271.0	13804.0	14941.0	15494.0	16066.0	16916.0	17291.0	17752.0	18104.0	18790.0	18915.0	19634.0	20681.0	22065.0	25082.0	29167.0	34718.0	41495.0	49411.0	58815.0	71446.0	86524.0	106490.0	134414.0	174866.0	235139.0	318946.0	459969.0	860452.0	2107942.0	2149691.0	5109.0
	2.0	3.0	4.0	5.0	6.0	7.0	8.0	9.0	10.0	11.0	12.0	13.0	14.0	15.0	16.0	17.0	18.0	19.0	20.0	21.0	22.0	23.0	24.0	25.0	26.0	27.0	28.0	29.0	30.0	31.0	32.0	33.0	34.0	35.0	36.0	37.0	38.0	39.0
ERR315495_1	168.0	39.0	97.0	166.0	273.0	724.0	1686.0	3022.0	4624.0	5732.0	7234.0	8744.0	9553.0	10813.0	12108.0	13607.0	15600.0	17698.0	20605.0	24055.0	28941.0	36181.0	46322.0	60838.0	82017.0	116150.0	135504.0	154552.0	199238.0	258681.0	337857.0	446423.0	583085.0	776998.0	1320151.0	3682321.0	4641929.0	20794.0
	2.0	3.0	4.0	5.0	6.0	7.0	8.0	9.0	10.0	11.0	12.0	13.0	14.0	15.0	16.0	17.0	18.0	19.0	20.0	21.0	22.0	23.0	24.0	25.0	26.0	27.0	28.0	29.0	30.0	31.0	32.0	33.0	34.0	35.0	36.0	37.0	38.0	39.0
ERR315495_2	249114.0	36298.0	24832.0	21870.0	21233.0	22371.0	23144.0	24387.0	25774.0	26180.0	27435.0	28526.0	28831.0	29958.0	30347.0	30757.0	30952.0	31765.0	33728.0	37097.0	42844.0	52043.0	61613.0	73710.0	88399.0	106351.0	128250.0	157530.0	195177.0	248573.0	328747.0	438399.0	593218.0	835811.0	1476620.0	3523473.0	3935027.0	14146.0
	2.0	3.0	4.0	5.0	6.0	7.0	8.0	9.0	10.0	11.0	12.0	13.0	14.0	15.0	16.0	17.0	18.0	19.0	20.0	21.0	22.0	23.0	24.0	25.0	26.0	27.0	28.0	29.0	30.0	31.0	32.0	33.0	34.0	35.0	36.0	37.0	38.0	39.0	40.0
HS002-PE-R00059_BD0U5YACXX.RHM063_CGATGT_L001_R1	511561.0	141404.0	97323.0	83963.0	79304.0	75603.0	78721.0	86751.0	95545.0	100827.0	104227.0	109046.0	113058.0	116199.0	120248.0	122049.0	123705.0	125377.0	127657.0	134543.0	147205.0	170627.0	203911.0	250402.0	310969.0	388875.0	459212.0	557915.0	692666.0	875495.0	1136671.0	1540663.0	2318148.0	3964936.0	7424579.0	12905120.0	13164551.0	2885355.0	818.0
	14.0	15.0	16.0	17.0	18.0	19.0	20.0	21.0	22.0	23.0	24.0	25.0	26.0	27.0	28.0	29.0	30.0	31.0	32.0	33.0	34.0	35.0	36.0	37.0	38.0	39.0	40.0
HS002-PE-R00059_BD0U5YACXX.RHM063_CGATGT_L001_R1_val_1	1.0	1.0	3.0	7.0	15.0	710.0	10656.0	33549.0	68979.0	118349.0	181248.0	257778.0	342883.0	433766.0	527984.0	633975.0	762673.0	934788.0	1184885.0	1575527.0	2337423.0	3944743.0	7324087.0	12697722.0	13433670.0	3620546.0	45589.0
	2.0	3.0	4.0	5.0	6.0	7.0	8.0	9.0	10.0	11.0	12.0	13.0	14.0	15.0	16.0	17.0	18.0	19.0	20.0	21.0	22.0	23.0	24.0	25.0	26.0	27.0	28.0	29.0	30.0	31.0	32.0	33.0	34.0	35.0	36.0	37.0	38.0	39.0	40.0
HS002-PE-R00059_BD0U5YACXX.RHM063_CGATGT_L001_R2	312393.0	75070.0	74414.0	85462.0	101810.0	108456.0	122872.0	138119.0	148621.0	153856.0	151697.0	149196.0	146805.0	149170.0	155666.0	165165.0	177731.0	196049.0	216819.0	244246.0	279226.0	324032.0	385109.0	459686.0	551499.0	708698.0	906759.0	1177673.0	1432932.0	1656475.0	1825939.0	2257568.0	3172981.0	4868427.0	7726973.0	10831620.0	8740270.0	1565143.0	602.0
	4.0	5.0	6.0	7.0	8.0	9.0	10.0	11.0	12.0	13.0	14.0	15.0	16.0	17.0	18.0	19.0	20.0	21.0	22.0	23.0	24.0	25.0	26.0	27.0	28.0	29.0	30.0	31.0	32.0	33.0	34.0	35.0	36.0	37.0	38.0	39.0	40.0
HS002-PE-R00059_BD0U5YACXX.RHM063_CGATGT_L001_R2_val_2	1.0	0.0	0.0	0.0	5.0	3.0	2.0	6.0	23.0	141.0	740.0	1136.0	1070.0	1129.0	1630.0	4655.0	26766.0	58814.0	100573.0	154466.0	219108.0	292236.0	375878.0	468703.0	574192.0	703094.0	867434.0	1093834.0	1437270.0	2016352.0	3102054.0	5128032.0	8459447.0	12100849.0	10482224.0	2748068.0	51622.0
	2.0	3.0	4.0	5.0	6.0	7.0	8.0	9.0	10.0	11.0	12.0	13.0	14.0	15.0	16.0	17.0	18.0	19.0	20.0	21.0	22.0	23.0	24.0	25.0	26.0	27.0	28.0	29.0	30.0	31.0	32.0	33.0	34.0	35.0	36.0	37.0	38.0	39.0	40.0
HS002-PE-R00059_BD0U5YACXX.RHM064_CAGATC_L001_R1	351807.0	115538.0	75552.0	63351.0	58322.0	56839.0	59938.0	65879.0	71889.0	75485.0	77353.0	80393.0	83196.0	85293.0	87240.0	88352.0	89171.0	89645.0	90939.0	94621.0	103960.0	120359.0	144505.0	177774.0	217093.0	268187.0	321015.0	385379.0	472495.0	593330.0	758524.0	1020522.0	1519906.0	2588623.0	4784594.0	8387953.0	8461922.0	1763459.0	452.0
	15.0	16.0	17.0	18.0	19.0	20.0	21.0	22.0	23.0	24.0	25.0	26.0	27.0	28.0	29.0	30.0	31.0	32.0	33.0	34.0	35.0	36.0	37.0	38.0	39.0	40.0
HS002-PE-R00059_BD0U5YACXX.RHM064_CAGATC_L001_R1_val_1	2.0	2.0	0.0	11.0	459.0	7591.0	25403.0	53649.0	92386.0	140233.0	197337.0	259027.0	321890.0	383827.0	450611.0	530986.0	643271.0	800397.0	1051820.0	1541761.0	2595233.0	4761137.0	8330966.0	8662886.0	2041797.0	6337.0
	2.0	3.0	4.0	5.0	6.0	7.0	8.0	9.0	10.0	11.0	12.0	13.0	14.0	15.0	16.0	17.0	18.0	19.0	20.0	21.0	22.0	23.0	24.0	25.0	26.0	27.0	28.0	29.0	30.0	31.0	32.0	33.0	34.0	35.0	36.0	37.0	38.0	39.0	40.0
HS002-PE-R00059_BD0U5YACXX.RHM064_CAGATC_L001_R2	248731.0	60987.0	59661.0	65973.0	77254.0	82030.0	93615.0	103993.0	111798.0	114615.0	111634.0	109251.0	106775.0	107671.0	112300.0	119589.0	128457.0	139805.0	153927.0	171878.0	195792.0	225593.0	265046.0	313382.0	376903.0	477005.0	604591.0	777341.0	939181.0	1083340.0	1190332.0	1465519.0	2051830.0	3134570.0	4958041.0	7057822.0	5605531.0	948689.0	403.0
	12.0	13.0	14.0	15.0	16.0	17.0	18.0	19.0	20.0	21.0	22.0	23.0	24.0	25.0	26.0	27.0	28.0	29.0	30.0	31.0	32.0	33.0	34.0	35.0	36.0	37.0	38.0	39.0	40.0
HS002-PE-R00059_BD0U5YACXX.RHM064_CAGATC_L001_R2_val_2	3.0	84.0	446.0	673.0	699.0	702.0	1020.0	3338.0	21837.0	48243.0	81868.0	124284.0	172165.0	226203.0	283487.0	346004.0	416805.0	499224.0	603712.0	748251.0	966986.0	1337933.0	2042725.0	3341924.0	5484002.0	7920434.0	6679417.0	1529877.0	16673.0
	2.0	3.0	4.0	5.0	6.0	7.0	8.0	9.0	10.0	11.0	12.0	13.0	14.0	15.0	16.0	17.0	18.0	19.0	20.0	21.0	22.0	23.0	24.0	25.0	26.0	27.0	28.0	29.0	30.0	31.0	32.0	33.0	34.0	35.0	36.0	37.0	38.0	39.0	40.0
HS002-PE-R00059_BD0U5YACXX.RHM065_GTGAAA_L001_R1	727007.0	217249.0	141266.0	119344.0	111075.0	108111.0	112330.0	124555.0	135344.0	143908.0	148256.0	154113.0	159684.0	164482.0	168323.0	170670.0	172138.0	173749.0	176943.0	185233.0	202705.0	234286.0	280294.0	344695.0	423684.0	524311.0	636145.0	766269.0	944570.0	1186407.0	1533371.0	2075714.0	3129756.0	5353039.0	9927000.0	17030897.0	17434282.0	3819684.0	1181.0
	16.0	17.0	18.0	19.0	20.0	21.0	22.0	23.0	24.0	25.0	26.0	27.0	28.0	29.0	30.0	31.0	32.0	33.0	34.0	35.0	36.0	37.0	38.0	39.0	40.0
HS002-PE-R00059_BD0U5YACXX.RHM065_GTGAAA_L001_R1_val_1	3.0	6.0	20.0	929.0	15299.0	49967.0	103655.0	176251.0	267392.0	375916.0	496075.0	618817.0	742465.0	882650.0	1050408.0	1277787.0	1608488.0	2133611.0	3160882.0	5347161.0	9847752.0	16872334.0	17817980.0	4541414.0	27730.0
	2.0	3.0	4.0	5.0	6.0	7.0	8.0	9.0	10.0	11.0	12.0	13.0	14.0	15.0	16.0	17.0	18.0	19.0	20.0	21.0	22.0	23.0	24.0	25.0	26.0	27.0	28.0	29.0	30.0	31.0	32.0	33.0	34.0	35.0	36.0	37.0	38.0	39.0	40.0
HS002-PE-R00059_BD0U5YACXX.RHM065_GTGAAA_L001_R2	465508.0	111517.0	108731.0	121865.0	144232.0	152802.0	174054.0	193112.0	208588.0	214868.0	211040.0	206396.0	203009.0	205070.0	214237.0	228099.0	244443.0	267858.0	294174.0	332367.0	377803.0	437532.0	515926.0	615958.0	741861.0	946899.0	1209202.0	1568695.0	1899475.0	2192875.0	2426044.0	3003172.0	4230101.0	6495070.0	10289053.0	14406077.0	11700313.0	2103146.0	898.0
	7.0	8.0	9.0	10.0	11.0	12.0	13.0	14.0	15.0	16.0	17.0	18.0	19.0	20.0	21.0	22.0	23.0	24.0	25.0	26.0	27.0	28.0	29.0	30.0	31.0	32.0	33.0	34.0	35.0	36.0	37.0	38.0	39.0	40.0
HS002-PE-R00059_BD0U5YACXX.RHM065_GTGAAA_L001_R2_val_2	1.0	4.0	2.0	3.0	5.0	13.0	188.0	882.0	1377.0	1417.0	1421.0	2003.0	5917.0	39200.0	85140.0	147048.0	223734.0	315044.0	417224.0	530144.0	653367.0	794159.0	965010.0	1179582.0	1476503.0	1931170.0	2705204.0	4174193.0	6884980.0	11326016.0	16143107.0	13923767.0	3442150.0	45017.0
	2.0	3.0	4.0	5.0	6.0	7.0	8.0	9.0	10.0	11.0	12.0	13.0	14.0	15.0	16.0	17.0	18.0	19.0	20.0	21.0	22.0	23.0	24.0	25.0	26.0	27.0	28.0	29.0	30.0	31.0	32.0	33.0	34.0	35.0	36.0	37.0	38.0	39.0	40.0
HS002-PE-R00059_BD0U5YACXX.RHM066_CGATGT_L002_R1	810636.0	261729.0	163423.0	133517.0	122606.0	119324.0	126236.0	141051.0	153955.0	162824.0	168349.0	175993.0	182911.0	190446.0	196258.0	200501.0	200518.0	201686.0	205187.0	215073.0	235388.0	273306.0	331403.0	410670.0	508924.0	627710.0	764621.0	934390.0	1145607.0	1417112.0	1789698.0	2350129.0	3314336.0	5133560.0	8384501.0	13087859.0	12719610.0	2777005.0	954.0
	17.0	18.0	19.0	20.0	21.0	22.0	23.0	24.0	25.0	26.0	27.0	28.0	29.0	30.0	31.0	32.0	33.0	34.0	35.0	36.0	37.0	38.0	39.0	40.0
HS002-PE-R00059_BD0U5YACXX.RHM066_CGATGT_L002_R1_val_1	3.0	25.0	909.0	16274.0	58287.0	126630.0	218983.0	334218.0	467425.0	614788.0	764513.0	916257.0	1080503.0	1276630.0	1536256.0	1896425.0	2443842.0	3394373.0	5194094.0	8405055.0	13087217.0	13017123.0	3158891.0	7326.0
	2.0	3.0	4.0	5.0	6.0	7.0	8.0	9.0	10.0	11.0	12.0	13.0	14.0	15.0	16.0	17.0	18.0	19.0	20.0	21.0	22.0	23.0	24.0	25.0	26.0	27.0	28.0	29.0	30.0	31.0	32.0	33.0
HS002-PE-R00059_BD0U5YACXX.RHM066_CGATGT_L002_R2	532952.0	150906.0	139781.0	177917.0	204562.0	181335.0	196376.0	220013.0	242803.0	257930.0	264076.0	269352.0	282028.0	312521.0	366069.0	442225.0	541858.0	670866.0	834927.0	1044479.0	1326499.0	1724997.0	2341307.0	3423785.0	5532640.0	9367724.0	14352808.0	14048344.0	638926.0	242218.0	6744.0	38.0
	14.0	15.0	16.0	17.0	18.0	19.0	20.0	21.0	22.0	23.0	24.0	25.0	26.0	27.0	28.0	29.0	30.0	31.0	32.0	33.0	34.0	35.0	36.0	37.0	38.0	39.0	40.0
HS002-PE-R00059_BD0U5YACXX.RHM066_CGATGT_L002_R2_val_2	1.0	0.0	21.0	35.0	162.0	3251.0	39995.0	91079.0	155457.0	232258.0	322879.0	420654.0	526304.0	638744.0	761737.0	899353.0	1062348.0	1273486.0	1555259.0	1956332.0	2609708.0	3667458.0	5500023.0	8143580.0	11646795.0	14650733.0	1858395.0
	2.0	3.0	4.0	5.0	6.0	7.0	8.0	9.0	10.0	11.0	12.0	13.0	14.0	15.0	16.0	17.0	18.0	19.0	20.0	21.0	22.0	23.0	24.0	25.0	26.0	27.0	28.0	29.0	30.0	31.0	32.0	33.0	34.0	35.0	36.0	37.0	38.0	39.0	40.0
HS002-PE-R00059_BD0U5YACXX.RHM067_CAGATC_L002_R1	1450095.0	460680.0	270156.0	215762.0	198175.0	193168.0	205300.0	226758.0	245561.0	254751.0	261589.0	269636.0	279749.0	286045.0	291512.0	294966.0	293811.0	292862.0	295167.0	308513.0	341093.0	394529.0	476519.0	582847.0	716364.0	873953.0	1017994.0	1213647.0	1469933.0	1790499.0	2233619.0	2902316.0	4070873.0	6256623.0	10106278.0	15300211.0	14663614.0	3196819.0	1180.0
	17.0	18.0	19.0	20.0	21.0	22.0	23.0	24.0	25.0	26.0	27.0	28.0	29.0	30.0	31.0	32.0	33.0	34.0	35.0	36.0	37.0	38.0	39.0	40.0
HS002-PE-R00059_BD0U5YACXX.RHM067_CAGATC_L002_R1_val_1	5.0	25.0	1246.0	25270.0	90637.0	195621.0	330480.0	496015.0	684418.0	879232.0	1066533.0	1248628.0	1437419.0	1665145.0	1961148.0	2379000.0	3022424.0	4172134.0	6327328.0	10139140.0	15315090.0	15034541.0	3670562.0	10582.0
	2.0	3.0	4.0	5.0	6.0	7.0	8.0	9.0	10.0	11.0	12.0	13.0	14.0	15.0	16.0	17.0	18.0	19.0	20.0	21.0	22.0	23.0	24.0	25.0	26.0	27.0	28.0	29.0	30.0	31.0	32.0	33.0
HS002-PE-R00059_BD0U5YACXX.RHM067_CAGATC_L002_R2	1049542.0	274916.0	242146.0	283633.0	316424.0	293855.0	315785.0	348418.0	379396.0	397282.0	400271.0	403580.0	423774.0	470378.0	545169.0	650139.0	786958.0	953485.0	1156309.0	1419991.0	1762578.0	2247500.0	2987688.0	4271152.0	6737024.0	11222281.0	16763244.0	16077582.0	738515.0	276079.0	8008.0	65.0
	7.0	8.0	9.0	10.0	11.0	12.0	13.0	14.0	15.0	16.0	17.0	18.0	19.0	20.0	21.0	22.0	23.0	24.0	25.0	26.0	27.0	28.0	29.0	30.0	31.0	32.0	33.0	34.0	35.0	36.0	37.0	38.0	39.0	40.0
HS002-PE-R00059_BD0U5YACXX.RHM067_CAGATC_L002_R2_val_2	1.0	0.0	1.0	0.0	0.0	0.0	0.0	0.0	3.0	32.0	51.0	239.0	5849.0	69426.0	151463.0	249138.0	364398.0	491456.0	623887.0	762567.0	905682.0	1055481.0	1221794.0	1416844.0	1669411.0	2001554.0	2478357.0	3250044.0	4494456.0	6657384.0	9765676.0	13604323.0	16805586.0	2107520.0
	2.0	3.0	4.0	5.0	6.0	7.0	8.0	9.0	10.0	11.0	12.0	13.0	14.0	15.0	16.0	17.0	18.0	19.0	20.0	21.0	22.0	23.0	24.0	25.0	26.0	27.0	28.0	29.0	30.0	31.0	32.0	33.0	34.0	35.0	36.0	37.0	38.0	39.0	40.0
HS002-PE-R00059_BD0U5YACXX.RHM068_GTGAAA_L002_R1	922690.0	277444.0	172054.0	140278.0	130606.0	128415.0	135645.0	152008.0	166717.0	176246.0	182619.0	190769.0	198687.0	205234.0	210706.0	213757.0	215055.0	216347.0	218465.0	228880.0	250978.0	292065.0	351687.0	433733.0	535603.0	660919.0	795596.0	959040.0	1166978.0	1436410.0	1806874.0	2360912.0	3319509.0	5107874.0	8455192.0	13111579.0	12205011.0	2467652.0	854.0
	16.0	17.0	18.0	19.0	20.0	21.0	22.0	23.0	24.0	25.0	26.0	27.0	28.0	29.0	30.0	31.0	32.0	33.0	34.0	35.0	36.0	37.0	38.0	39.0	40.0
HS002-PE-R00059_BD0U5YACXX.RHM068_GTGAAA_L002_R1_val_1	1.0	3.0	28.0	1052.0	18151.0	62073.0	132927.0	229196.0	346420.0	485060.0	635936.0	788701.0	942820.0	1107925.0	1304274.0	1560537.0	1919005.0	2456800.0	3404778.0	5170840.0	8477870.0	13129715.0	12534301.0	2829127.0	6912.0
	2.0	3.0	4.0	5.0	6.0	7.0	8.0	9.0	10.0	11.0	12.0	13.0	14.0	15.0	16.0	17.0	18.0	19.0	20.0	21.0	22.0	23.0	24.0	25.0	26.0	27.0	28.0	29.0	30.0	31.0	32.0	33.0
HS002-PE-R00059_BD0U5YACXX.RHM068_GTGAAA_L002_R2	626750.0	173645.0	158118.0	193948.0	222869.0	201206.0	221183.0	247246.0	272587.0	288352.0	295418.0	298866.0	312814.0	345644.0	402424.0	483412.0	589443.0	721985.0	886809.0	1101230.0	1379921.0	1778913.0	2389976.0	3447148.0	5487988.0	9342196.0	14207197.0	13292356.0	603350.0	221785.0	6270.0	39.0
	7.0	8.0	9.0	10.0	11.0	12.0	13.0	14.0	15.0	16.0	17.0	18.0	19.0	20.0	21.0	22.0	23.0	24.0	25.0	26.0	27.0	28.0	29.0	30.0	31.0	32.0	33.0	34.0	35.0	36.0	37.0	38.0	39.0	40.0
HS002-PE-R00059_BD0U5YACXX.RHM068_GTGAAA_L002_R2_val_2	1.0	0.0	0.0	0.0	0.0	0.0	1.0	0.0	6.0	23.0	39.0	216.0	4316.0	50304.0	110969.0	186004.0	271367.0	366731.0	469838.0	576717.0	688286.0	811213.0	945107.0	1106825.0	1312856.0	1588924.0	1982451.0	2615032.0	3637222.0	5420255.0	8160738.0	11558754.0	14009733.0	1670524.0
	2.0	3.0	4.0	5.0	6.0	7.0	8.0	9.0	10.0	11.0	12.0	13.0	14.0	15.0	16.0	17.0	18.0	19.0	20.0	21.0	22.0	23.0	24.0	25.0	26.0	27.0	28.0	29.0	30.0	31.0	32.0	33.0	34.0	35.0	36.0	37.0	38.0	39.0	40.0
HS002-PE-R00059_BD0U5YACXX.RHM069_CGATGT_L003_R1	587287.0	149537.0	100711.0	85015.0	79887.0	77812.0	80145.0	88466.0	97170.0	102130.0	105057.0	109007.0	113572.0	117842.0	121078.0	122553.0	123547.0	123966.0	127787.0	134173.0	146930.0	170297.0	206962.0	256745.0	320324.0	403197.0	483194.0	591622.0	728112.0	902761.0	1164782.0	1577882.0	2389128.0	4134172.0	7766784.0	13666914.0	14323170.0	3327848.0	1404.0
	17.0	18.0	19.0	20.0	21.0	22.0	23.0	24.0	25.0	26.0	27.0	28.0	29.0	30.0	31.0	32.0	33.0	34.0	35.0	36.0	37.0	38.0	39.0	40.0
HS002-PE-R00059_BD0U5YACXX.RHM069_CGATGT_L003_R1_val_1	6.0	19.0	890.0	12029.0	35895.0	75117.0	127783.0	193819.0	273255.0	360589.0	450689.0	546138.0	651286.0	782803.0	956899.0	1213322.0	1616808.0	2416594.0	4140809.0	7732911.0	13578948.0	14567871.0	3756216.0	11398.0
	2.0	3.0	4.0	5.0	6.0	7.0	8.0	9.0	10.0	11.0	12.0	13.0	14.0	15.0	16.0	17.0	18.0	19.0	20.0	21.0	22.0	23.0	24.0	25.0	26.0	27.0	28.0	29.0	30.0	31.0	32.0	33.0	34.0	35.0	36.0	37.0	38.0	39.0	40.0
HS002-PE-R00059_BD0U5YACXX.RHM069_CGATGT_L003_R2	353280.0	94892.0	96060.0	170359.0	114610.0	114506.0	122214.0	129951.0	138613.0	141798.0	137066.0	131922.0	124436.0	121408.0	121313.0	126109.0	133497.0	143455.0	159454.0	180450.0	208868.0	242161.0	285849.0	330977.0	369297.0	433854.0	514183.0	616168.0	750748.0	934922.0	1201458.0	1627503.0	2458052.0	4201071.0	7795722.0	13314947.0	13570709.0	3493696.0	3392.0
	12.0	13.0	14.0	15.0	16.0	17.0	18.0	19.0	20.0	21.0	22.0	23.0	24.0	25.0	26.0	27.0	28.0	29.0	30.0	31.0	32.0	33.0	34.0	35.0	36.0	37.0	38.0	39.0	40.0
HS002-PE-R00059_BD0U5YACXX.RHM069_CGATGT_L003_R2_val_2	1.0	43.0	257.0	433.0	541.0	978.0	1678.0	4666.0	28536.0	63498.0	112488.0	171793.0	241054.0	316602.0	397420.0	481712.0	575441.0	682419.0	818319.0	999748.0	1264659.0	1684374.0	2514070.0	4248655.0	7818082.0	13322092.0	13834449.0	3902294.0	15792.0
	2.0	3.0	4.0	5.0	6.0	7.0	8.0	9.0	10.0	11.0	12.0	13.0	14.0	15.0	16.0	17.0	18.0	19.0	20.0	21.0	22.0	23.0	24.0	25.0	26.0	27.0	28.0	29.0	30.0	31.0	32.0	33.0	34.0	35.0	36.0	37.0	38.0	39.0	40.0
HS002-PE-R00059_BD0U5YACXX.RHM070_CAGATC_L003_R1	519490.0	158761.0	101802.0	84781.0	78753.0	76897.0	80195.0	88665.0	95731.0	99770.0	102037.0	105892.0	109415.0	112454.0	114905.0	115482.0	115796.0	116496.0	117983.0	123400.0	136195.0	157957.0	191273.0	236617.0	293352.0	367194.0	433128.0	516085.0	627801.0	771977.0	982280.0	1318850.0	1984362.0	3449277.0	6391856.0	10881867.0	11228886.0	2560924.0	1087.0
	17.0	18.0	19.0	20.0	21.0	22.0	23.0	24.0	25.0	26.0	27.0	28.0	29.0	30.0	31.0	32.0	33.0	34.0	35.0	36.0	37.0	38.0	39.0	40.0
HS002-PE-R00059_BD0U5YACXX.RHM070_CAGATC_L003_R1_val_1	5.0	19.0	691.0	10413.0	33641.0	71409.0	122219.0	187020.0	261454.0	340189.0	418804.0	497676.0	582450.0	687269.0	826207.0	1031091.0	1355714.0	2010406.0	3457784.0	6373948.0	10821459.0	11427305.0	2885835.0	7899.0
	2.0	3.0	4.0	5.0	6.0	7.0	8.0	9.0	10.0	11.0	12.0	13.0	14.0	15.0	16.0	17.0	18.0	19.0	20.0	21.0	22.0	23.0	24.0	25.0	26.0	27.0	28.0	29.0	30.0	31.0	32.0	33.0	34.0	35.0	36.0	37.0	38.0	39.0	40.0
HS002-PE-R00059_BD0U5YACXX.RHM070_CAGATC_L003_R2	376496.0	100170.0	98738.0	155768.0	112764.0	115192.0	122759.0	129561.0	137897.0	139209.0	133124.0	126070.0	118529.0	114801.0	114693.0	118484.0	125837.0	135463.0	150302.0	170728.0	195954.0	228297.0	269996.0	309936.0	336374.0	390438.0	458402.0	542207.0	652970.0	802918.0	1020238.0	1366382.0	2042026.0	3471402.0	6358306.0	10577534.0	10562695.0	2664342.0	2671.0
	6.0	7.0	8.0	9.0	10.0	11.0	12.0	13.0	14.0	15.0	16.0	17.0	18.0	19.0	20.0	21.0	22.0	23.0	24.0	25.0	26.0	27.0	28.0	29.0	30.0	31.0	32.0	33.0	34.0	35.0	36.0	37.0	38.0	39.0	40.0
HS002-PE-R00059_BD0U5YACXX.RHM070_CAGATC_L003_R2_val_2	1.0	0.0	1.0	1.0	1.0	3.0	2.0	38.0	229.0	333.0	475.0	780.0	1597.0	5110.0	31540.0	68696.0	117224.0	175836.0	241987.0	310879.0	381848.0	454065.0	528590.0	615485.0	725009.0	868384.0	1082847.0	1423308.0	2098906.0	3519872.0	6392475.0	10600115.0	10782943.0	2971450.0	10877.0
	2.0	3.0	4.0	5.0	6.0	7.0	8.0	9.0	10.0	11.0	12.0	13.0	14.0	15.0	16.0	17.0	18.0	19.0	20.0	21.0	22.0	23.0	24.0	25.0	26.0	27.0	28.0	29.0	30.0	31.0	32.0	33.0	34.0	35.0	36.0	37.0	38.0	39.0	40.0
HS002-PE-R00059_BD0U5YACXX.RHM071_GTGAAA_L003_R1	552095.0	149772.0	99741.0	84476.0	80370.0	77767.0	80533.0	89197.0	97985.0	104623.0	107831.0	111608.0	115863.0	120166.0	124302.0	125918.0	127123.0	128507.0	129582.0	136224.0	149414.0	172986.0	208315.0	258174.0	320181.0	399674.0	489581.0	591007.0	717803.0	889190.0	1143938.0	1546057.0	2307822.0	3910664.0	7424058.0	13276681.0	13847758.0	3351702.0	1647.0
	14.0	15.0	16.0	17.0	18.0	19.0	20.0	21.0	22.0	23.0	24.0	25.0	26.0	27.0	28.0	29.0	30.0	31.0	32.0	33.0	34.0	35.0	36.0	37.0	38.0	39.0	40.0
HS002-PE-R00059_BD0U5YACXX.RHM071_GTGAAA_L003_R1_val_1	1.0	0.0	1.0	5.0	29.0	870.0	11758.0	36079.0	76057.0	128535.0	195094.0	275725.0	363049.0	452173.0	545027.0	649508.0	773642.0	943338.0	1193342.0	1586135.0	2341980.0	3929086.0	7389067.0	13211024.0	14095487.0	3782280.0	11604.0
	2.0	3.0	4.0	5.0	6.0	7.0	8.0	9.0	10.0	11.0	12.0	13.0	14.0	15.0	16.0	17.0	18.0	19.0	20.0	21.0	22.0	23.0	24.0	25.0	26.0	27.0	28.0	29.0	30.0	31.0	32.0	33.0	34.0	35.0	36.0	37.0	38.0	39.0	40.0
HS002-PE-R00059_BD0U5YACXX.RHM071_GTGAAA_L003_R2	345858.0	92711.0	93198.0	164402.0	110933.0	112201.0	119572.0	127277.0	136452.0	139949.0	137454.0	130943.0	125098.0	120744.0	122003.0	126080.0	133281.0	143606.0	157965.0	179926.0	206795.0	241642.0	286764.0	333257.0	365298.0	429517.0	507456.0	607983.0	737155.0	915033.0	1171611.0	1583447.0	2363451.0	3975460.0	7433185.0	12974537.0	13147703.0	3546167.0	4221.0
	11.0	12.0	13.0	14.0	15.0	16.0	17.0	18.0	19.0	20.0	21.0	22.0	23.0	24.0	25.0	26.0	27.0	28.0	29.0	30.0	31.0	32.0	33.0	34.0	35.0	36.0	37.0	38.0	39.0	40.0
HS002-PE-R00059_BD0U5YACXX.RHM071_GTGAAA_L003_R2_val_2	4.0	6.0	53.0	272.0	420.0	600.0	925.0	1733.0	4890.0	29019.0	64014.0	111377.0	171616.0	239805.0	315283.0	393792.0	477968.0	568128.0	672934.0	804072.0	980409.0	1233974.0	1642423.0	2422159.0	4032388.0	7455359.0	12990800.0	13408679.0	3950983.0	16811.0
	2.0	3.0	4.0	5.0	6.0	7.0	8.0	9.0	10.0	11.0	12.0	13.0	14.0	15.0	16.0	17.0	18.0	19.0	20.0	21.0	22.0	23.0	24.0	25.0	26.0	27.0	28.0	29.0	30.0	31.0	32.0	33.0	34.0	35.0	36.0	37.0	38.0	39.0	40.0
HS002-PE-R00059_BD0U5YACXX.RHM072_CGATGT_L004_R1	814723.0	236301.0	153553.0	127971.0	118797.0	115039.0	120324.0	134392.0	147852.0	155367.0	160187.0	165645.0	172992.0	178630.0	183870.0	187173.0	187759.0	190125.0	193594.0	203859.0	224647.0	260215.0	313547.0	390575.0	485539.0	603777.0	709348.0	861859.0	1050256.0	1293210.0	1644148.0	2178337.0	3116324.0	4928113.0	8744401.0	14704938.0	15188750.0	3692714.0	2726.0
	16.0	17.0	18.0	19.0	20.0	21.0	22.0	23.0	24.0	25.0	26.0	27.0	28.0	29.0	30.0	31.0	32.0	33.0	34.0	35.0	36.0	37.0	38.0	39.0	40.0
HS002-PE-R00059_BD0U5YACXX.RHM072_CGATGT_L004_R1_val_1	1.0	4.0	20.0	1027.0	16380.0	54359.0	116555.0	198248.0	302098.0	424881.0	553085.0	684805.0	822908.0	974117.0	1150781.0	1393681.0	1736696.0	2261500.0	3192650.0	4988403.0	8756534.0	14684084.0	15468583.0	4124417.0	12793.0
	2.0	3.0	4.0	5.0	6.0	7.0	8.0	9.0	10.0	11.0	12.0	13.0	14.0	15.0	16.0	17.0	18.0	19.0	20.0	21.0	22.0	23.0	24.0	25.0	26.0	27.0	28.0	29.0	30.0	31.0	32.0	33.0	34.0	35.0	36.0	37.0	38.0	39.0	40.0
HS002-PE-R00059_BD0U5YACXX.RHM072_CGATGT_L004_R2	506056.0	147981.0	144757.0	222457.0	170887.0	174771.0	187360.0	201047.0	210659.0	213675.0	207455.0	198057.0	189068.0	184756.0	184445.0	189406.0	200731.0	216419.0	239444.0	270864.0	311301.0	363441.0	428139.0	488603.0	546278.0	639081.0	753276.0	898772.0	1083797.0	1332753.0	1686727.0	2221585.0	3161963.0	4964351.0	8691256.0	14293136.0	14420728.0	3790936.0	5159.0
	10.0	11.0	12.0	13.0	14.0	15.0	16.0	17.0	18.0	19.0	20.0	21.0	22.0	23.0	24.0	25.0	26.0	27.0	28.0	29.0	30.0	31.0	32.0	33.0	34.0	35.0	36.0	37.0	38.0	39.0	40.0
HS002-PE-R00059_BD0U5YACXX.RHM072_CGATGT_L004_R2_val_2	1.0	0.0	1.0	5.0	53.0	193.0	285.0	506.0	1319.0	6291.0	44295.0	101072.0	177415.0	272667.0	380344.0	495576.0	616068.0	739389.0	873707.0	1024689.0	1209548.0	1453952.0	1802305.0	2327806.0	3267083.0	5054488.0	8742978.0	14346159.0	14742373.0	4221067.0	16975.0
	2.0	3.0	4.0	5.0	6.0	7.0	8.0	9.0	10.0	11.0	12.0	13.0	14.0	15.0	16.0	17.0	18.0	19.0	20.0	21.0	22.0	23.0	24.0	25.0	26.0	27.0	28.0	29.0	30.0	31.0	32.0	33.0	34.0	35.0	36.0	37.0	38.0	39.0	40.0
HS002-PE-R00059_BD0U5YACXX.RHM073_CAGATC_L004_R1	601641.0	198613.0	121508.0	97588.0	89403.0	87386.0	91788.0	102041.0	112100.0	118441.0	122113.0	126444.0	131844.0	134985.0	138202.0	139152.0	139054.0	139686.0	140545.0	146515.0	160820.0	186470.0	225927.0	278278.0	341962.0	421798.0	506453.0	616378.0	746901.0	910027.0	1147420.0	1501996.0	2119161.0	3310079.0	5905242.0	10139790.0	10702558.0	2738049.0	2086.0
	17.0	18.0	19.0	20.0	21.0	22.0	23.0	24.0	25.0	26.0	27.0	28.0	29.0	30.0	31.0	32.0	33.0	34.0	35.0	36.0	37.0	38.0	39.0	40.0
HS002-PE-R00059_BD0U5YACXX.RHM073_CAGATC_L004_R1_val_1	5.0	13.0	658.0	12676.0	44443.0	95628.0	162211.0	241620.0	334041.0	427720.0	520776.0	612166.0	709972.0	827524.0	988402.0	1213496.0	1561439.0	2170376.0	3344737.0	5908879.0	10124373.0	10875713.0	3040871.0	8684.0
	2.0	3.0	4.0	5.0	6.0	7.0	8.0	9.0	10.0	11.0	12.0	13.0	14.0	15.0	16.0	17.0	18.0	19.0	20.0	21.0	22.0	23.0	24.0	25.0	26.0	27.0	28.0	29.0	30.0	31.0	32.0	33.0	34.0	35.0	36.0	37.0	38.0	39.0	40.0
HS002-PE-R00059_BD0U5YACXX.RHM073_CAGATC_L004_R2	390765.0	113211.0	110765.0	163152.0	127008.0	129993.0	140936.0	152307.0	158779.0	161302.0	155307.0	146236.0	140387.0	136025.0	135697.0	138593.0	145366.0	156899.0	172943.0	194409.0	222899.0	256114.0	297662.0	345441.0	398013.0	463751.0	541552.0	640317.0	766107.0	934384.0	1169655.0	1524752.0	2143352.0	3318340.0	5850006.0	9876051.0	10204203.0	2813913.0	3852.0
	13.0	14.0	15.0	16.0	17.0	18.0	19.0	20.0	21.0	22.0	23.0	24.0	25.0	26.0	27.0	28.0	29.0	30.0	31.0	32.0	33.0	34.0	35.0	36.0	37.0	38.0	39.0	40.0
HS002-PE-R00059_BD0U5YACXX.RHM073_CAGATC_L004_R2_val_2	2.0	30.0	133.0	202.0	339.0	971.0	5196.0	35404.0	80659.0	140697.0	211619.0	293230.0	377946.0	463040.0	547353.0	638826.0	740712.0	864104.0	1025878.0	1253348.0	1604649.0	2215695.0	3380098.0	5886786.0	9918116.0	10413602.0	3116247.0	11541.0
	2.0	3.0	4.0	5.0	6.0	7.0	8.0	9.0	10.0	11.0	12.0	13.0	14.0	15.0	16.0	17.0	18.0	19.0	20.0	21.0	22.0	23.0	24.0	25.0	26.0	27.0	28.0	29.0	30.0	31.0	32.0	33.0	34.0	35.0	36.0	37.0	38.0	39.0	40.0
HS002-PE-R00059_BD0U5YACXX.RHM074_GTGAAA_L004_R1	1034786.0	292163.0	180611.0	147353.0	136386.0	132913.0	138387.0	154096.0	170035.0	179959.0	185883.0	192667.0	201328.0	207061.0	212550.0	215432.0	215773.0	215782.0	217142.0	228279.0	250366.0	290701.0	351399.0	431804.0	536602.0	661087.0	804928.0	980127.0	1188025.0	1454177.0	1842158.0	2425395.0	3432805.0	5364990.0	9618346.0	16734454.0	17951672.0	4554829.0	3503.0
	14.0	15.0	16.0	17.0	18.0	19.0	20.0	21.0	22.0	23.0	24.0	25.0	26.0	27.0	28.0	29.0	30.0	31.0	32.0	33.0	34.0	35.0	36.0	37.0	38.0	39.0	40.0
HS002-PE-R00059_BD0U5YACXX.RHM074_GTGAAA_L004_R1_val_1	1.0	0.0	0.0	8.0	33.0	1345.0	21407.0	69009.0	145537.0	243240.0	363737.0	502974.0	648151.0	795388.0	944046.0	1108442.0	1303453.0	1565688.0	1942471.0	2511381.0	3511021.0	5422227.0	9620674.0	16706372.0	18245334.0	5054601.0	13306.0
	2.0	3.0	4.0	5.0	6.0	7.0	8.0	9.0	10.0	11.0	12.0	13.0	14.0	15.0	16.0	17.0	18.0	19.0	20.0	21.0	22.0	23.0	24.0	25.0	26.0	27.0	28.0	29.0	30.0	31.0	32.0	33.0	34.0	35.0	36.0	37.0	38.0	39.0	40.0
HS002-PE-R00059_BD0U5YACXX.RHM074_GTGAAA_L004_R2	625376.0	180178.0	173413.0	256519.0	197983.0	201706.0	217396.0	235264.0	247889.0	252486.0	243521.0	230610.0	221432.0	215795.0	214360.0	219378.0	230752.0	246595.0	270906.0	305579.0	350077.0	403931.0	473016.0	544661.0	628028.0	732810.0	860475.0	1020255.0	1224831.0	1500068.0	1883882.0	2456671.0	3464297.0	5384174.0	9537052.0	16302521.0	17086279.0	4689534.0	6254.0
	9.0	10.0	11.0	12.0	13.0	14.0	15.0	16.0	17.0	18.0	19.0	20.0	21.0	22.0	23.0	24.0	25.0	26.0	27.0	28.0	29.0	30.0	31.0	32.0	33.0	34.0	35.0	36.0	37.0	38.0	39.0	40.0
HS002-PE-R00059_BD0U5YACXX.RHM074_GTGAAA_L004_R2_val_2	1.0	1.0	1.0	3.0	4.0	64.0	222.0	286.0	579.0	1437.0	7802.0	56846.0	128428.0	220957.0	332817.0	457098.0	588242.0	721836.0	858229.0	1002760.0	1168015.0	1368092.0	1635246.0	2009084.0	2576057.0	3574341.0	5473708.0	9585223.0	16348760.0	17424108.0	5181594.0	18005.0
	2.0	3.0	4.0	5.0	6.0	7.0	8.0	9.0	10.0	11.0	12.0	13.0	14.0	15.0	16.0	17.0	18.0	19.0	20.0	21.0	22.0	23.0	24.0	25.0	26.0	27.0	28.0	29.0	30.0	31.0	32.0	33.0	34.0	35.0	36.0	37.0	38.0	39.0	40.0
HS002-PE-R00059_BD0U5YACXX.RHM075_CGATGT_L005_R1	595908.0	159769.0	109068.0	94840.0	88813.0	85544.0	88008.0	96912.0	105641.0	112037.0	114274.0	118373.0	122722.0	126485.0	130206.0	132338.0	132471.0	133654.0	136295.0	143485.0	157690.0	181412.0	219890.0	271936.0	339438.0	429955.0	510287.0	619599.0	758389.0	935259.0	1210897.0	1644394.0	2475500.0	4262132.0	8369072.0	15617080.0	17366075.0	4690711.0	3279.0
	15.0	16.0	17.0	18.0	19.0	20.0	21.0	22.0	23.0	24.0	25.0	26.0	27.0	28.0	29.0	30.0	31.0	32.0	33.0	34.0	35.0	36.0	37.0	38.0	39.0	40.0
HS002-PE-R00059_BD0U5YACXX.RHM075_CGATGT_L005_R1_val_1	1.0	1.0	6.0	28.0	860.0	12567.0	38468.0	79704.0	135273.0	206189.0	289593.0	379785.0	474044.0	568894.0	678178.0	810490.0	992108.0	1258396.0	1681311.0	2506722.0	4278974.0	8329035.0	15526106.0	17591095.0	5198611.0	14923.0
	2.0	3.0	4.0	5.0	6.0	7.0	8.0	9.0	10.0	11.0	12.0	13.0	14.0	15.0	16.0	17.0	18.0	19.0	20.0	21.0	22.0	23.0	24.0	25.0	26.0	27.0	28.0	29.0	30.0	31.0	32.0	33.0	34.0	35.0	36.0	37.0	38.0	39.0	40.0
HS002-PE-R00059_BD0U5YACXX.RHM075_CGATGT_L005_R2	357916.0	106987.0	104183.0	183587.0	117170.0	136271.0	133527.0	140976.0	150312.0	154607.0	150741.0	145205.0	138365.0	134237.0	134373.0	136063.0	143198.0	153618.0	169943.0	192042.0	219578.0	254800.0	299766.0	352920.0	384422.0	451087.0	533591.0	639351.0	776401.0	969453.0	1245205.0	1686539.0	2540122.0	4344206.0	8404058.0	15302395.0	16509569.0	4886045.0	7009.0
	12.0	13.0	14.0	15.0	16.0	17.0	18.0	19.0	20.0	21.0	22.0	23.0	24.0	25.0	26.0	27.0	28.0	29.0	30.0	31.0	32.0	33.0	34.0	35.0	36.0	37.0	38.0	39.0	40.0
HS002-PE-R00059_BD0U5YACXX.RHM075_CGATGT_L005_R2_val_2	1.0	2.0	50.0	182.0	298.0	467.0	1110.0	4574.0	28515.0	64561.0	113815.0	175274.0	247415.0	327081.0	411802.0	500082.0	596244.0	710862.0	852553.0	1039344.0	1312130.0	1750252.0	2606027.0	4401844.0	8420364.0	15307251.0	16778235.0	5379741.0	21286.0
	2.0	3.0	4.0	5.0	6.0	7.0	8.0	9.0	10.0	11.0	12.0	13.0	14.0	15.0	16.0	17.0	18.0	19.0	20.0	21.0	22.0	23.0	24.0	25.0	26.0	27.0	28.0	29.0	30.0	31.0	32.0	33.0	34.0	35.0	36.0	37.0	38.0	39.0	40.0
HS002-PE-R00059_BD0U5YACXX.RHM076_CAGATC_L005_R1	379795.0	106526.0	70287.0	60148.0	56909.0	55683.0	58269.0	65461.0	71617.0	75546.0	75676.0	79248.0	82553.0	84844.0	88094.0	90928.0	92392.0	94529.0	99137.0	105572.0	117998.0	137548.0	167535.0	208728.0	264190.0	364751.0	391639.0	378870.0	449109.0	547773.0	702002.0	944637.0	1409628.0	2404534.0	4775265.0	8852509.0	9638557.0	2535181.0	1855.0
	15.0	16.0	17.0	18.0	19.0	20.0	21.0	22.0	23.0	24.0	25.0	26.0	27.0	28.0	29.0	30.0	31.0	32.0	33.0	34.0	35.0	36.0	37.0	38.0	39.0	40.0
HS002-PE-R00059_BD0U5YACXX.RHM076_CAGATC_L005_R1_val_1	2.0	1.0	4.0	13.0	545.0	7556.0	24086.0	50251.0	85663.0	129781.0	181102.0	235890.0	290105.0	345702.0	407394.0	481502.0	581306.0	728839.0	966418.0	1423877.0	2404833.0	4742262.0	8787624.0	9770318.0	2845639.0	12595.0
	2.0	3.0	4.0	5.0	6.0	7.0	8.0	9.0	10.0	11.0	12.0	13.0	14.0	15.0	16.0	17.0	18.0	19.0	20.0	21.0	22.0	23.0	24.0	25.0	26.0	27.0	28.0	29.0	30.0	31.0	32.0	33.0	34.0	35.0	36.0	37.0	38.0	39.0	40.0
HS002-PE-R00059_BD0U5YACXX.RHM076_CAGATC_L005_R2	302914.0	82606.0	70807.0	113673.0	79159.0	92511.0	88977.0	93200.0	99490.0	102576.0	99335.0	96207.0	93066.0	91517.0	92164.0	95118.0	102709.0	113125.0	128034.0	146888.0	173390.0	209623.0	274098.0	332962.0	245019.0	278828.0	326324.0	386811.0	465809.0	572760.0	727496.0	977037.0	1449731.0	2443048.0	4760678.0	8624363.0	9127768.0	2621708.0	3994.0
	12.0	13.0	14.0	15.0	16.0	17.0	18.0	19.0	20.0	21.0	22.0	23.0	24.0	25.0	26.0	27.0	28.0	29.0	30.0	31.0	32.0	33.0	34.0	35.0	36.0	37.0	38.0	39.0	40.0
HS002-PE-R00059_BD0U5YACXX.RHM076_CAGATC_L005_R2_val_2	2.0	6.0	30.0	130.0	167.0	337.0	987.0	3985.0	21060.0	44894.0	77287.0	116420.0	161700.0	210594.0	260052.0	312283.0	366041.0	430991.0	511779.0	617670.0	768411.0	1017512.0	1488068.0	2472155.0	4764945.0	8623421.0	9290529.0	2925909.0	15943.0

